0.02	-1
0.02	1
0.04	-1
0.04	1
0.06	-1
0.06	1
0.08	-1
0.08	1
0.1	-1
0.1	1
0.12000000000000001	-1
0.12000000000000001	1
0.14	-1
0.14	1
0.16	-1
0.16	1
0.18	-1
0.18	1
0.19999999999999998	-1
0.19999999999999998	1
0.21999999999999997	-1
0.21999999999999997	1
0.23999999999999996	-1
0.23999999999999996	1
0.25999999999999995	-1
0.25999999999999995	1
0.27999999999999997	-1
0.27999999999999997	1
0.3	-1
0.3	1
0.32	-1
0.32	1
0.34	-1
0.34	1
0.36000000000000004	-1
0.36000000000000004	1
0.38000000000000006	-1
0.38000000000000006	1
0.4000000000000001	-1
0.4000000000000001	1
0.4200000000000001	-1
0.4200000000000001	1
0.4400000000000001	-1
0.4400000000000001	1
0.46000000000000013	-1
0.46000000000000013	1
0.48000000000000015	-1
0.48000000000000015	1
0.5000000000000001	-1
0.5000000000000001	1
0.5200000000000001	-1
0.5200000000000001	1
0.5400000000000001	-1
0.5400000000000001	1
0.5600000000000002	-1
0.5600000000000002	1
0.5800000000000002	-1
0.5800000000000002	1
0.6000000000000002	-1
0.6000000000000002	1
0.6200000000000002	-1
0.6200000000000002	1
0.6400000000000002	-1
0.6400000000000002	1
0.6600000000000003	-1
0.6600000000000003	1
0.6800000000000003	-1
0.6800000000000003	1
0.7000000000000003	-1
0.7000000000000003	1
0.7200000000000003	-1
0.7200000000000003	1
0.7400000000000003	-1
0.7400000000000003	1
0.7600000000000003	-1
0.7600000000000003	1
0.7800000000000004	-1
0.7800000000000004	1
0.8000000000000004	-1
0.8000000000000004	1
0.8200000000000004	-1
0.8200000000000004	1
0.8400000000000004	-1
0.8400000000000004	1
0.8600000000000004	-1
0.8600000000000004	1
0.8800000000000004	-1
0.8800000000000004	1
0.9000000000000005	-1
0.9000000000000005	1
0.9200000000000005	-1
0.9200000000000005	1
0.9400000000000005	-1
0.9400000000000005	1
0.9600000000000005	-1
0.9600000000000005	1
0.9800000000000005	-1
0.9800000000000005	1
1.0000000000000004	-1
1.0000000000000004	1
1.0200000000000005	-1
1.0200000000000005	1
1.0400000000000005	-1
1.0400000000000005	1
1.0600000000000005	-1
1.0600000000000005	1
1.0800000000000005	-1
1.0800000000000005	1
1.1000000000000005	-1
1.1000000000000005	1
1.1200000000000006	-1
1.1200000000000006	1
1.1400000000000006	-1
1.1400000000000006	1
1.1600000000000006	-1
1.1600000000000006	1
1.1800000000000006	-1
1.1800000000000006	1
1.2000000000000006	-1
1.2000000000000006	1
1.2200000000000006	-1
1.2200000000000006	1
1.2400000000000007	-1
1.2400000000000007	1
1.2600000000000007	-1
1.2600000000000007	1
1.2800000000000007	-1
1.2800000000000007	1
1.3000000000000007	-1
1.3000000000000007	1
1.3200000000000007	-1
1.3200000000000007	1
1.3400000000000007	-1
1.3400000000000007	1
1.3600000000000008	-1
1.3600000000000008	1
1.3800000000000008	-1
1.3800000000000008	1
1.4000000000000008	-1
1.4000000000000008	1
1.4200000000000008	-1
1.4200000000000008	1
1.4400000000000008	-1
1.4400000000000008	1
1.4600000000000009	-1
1.4600000000000009	1
1.4800000000000009	-1
1.4800000000000009	1
1.5000000000000009	-1
1.5000000000000009	1
1.520000000000001	-1
1.520000000000001	1
1.540000000000001	-1
1.540000000000001	1
1.560000000000001	-1
1.560000000000001	1
1.580000000000001	-1
1.580000000000001	1
1.600000000000001	-1
1.600000000000001	1
1.620000000000001	-1
1.620000000000001	1
1.640000000000001	-1
1.640000000000001	1
1.660000000000001	-1
1.660000000000001	1
1.680000000000001	-1
1.680000000000001	1
1.700000000000001	-1
1.700000000000001	1
1.720000000000001	-1
1.720000000000001	1
1.740000000000001	-1
1.740000000000001	1
1.7600000000000011	-1
1.7600000000000011	1
1.7800000000000011	-1
1.7800000000000011	1
1.8000000000000012	-1
1.8000000000000012	1
1.8200000000000012	-1
1.8200000000000012	1
1.8400000000000012	-1
1.8400000000000012	1
1.8600000000000012	-1
1.8600000000000012	1
1.8800000000000012	-1
1.8800000000000012	1
1.9000000000000012	-1
1.9000000000000012	1
1.9200000000000013	-1
1.9200000000000013	1
1.9400000000000013	-1
1.9400000000000013	1
1.9600000000000013	-1
1.9600000000000013	1
1.9800000000000013	-1
1.9800000000000013	1
2.0000000000000013	-1
2.0000000000000013	1
2.0200000000000014	-1
2.0200000000000014	1
2.0400000000000014	-1
2.0400000000000014	1
2.0600000000000014	-1
2.0600000000000014	1
2.0800000000000014	-1
2.0800000000000014	1
2.1000000000000014	-1
2.1000000000000014	1
2.1200000000000014	-1
2.1200000000000014	1
2.1400000000000015	-1
2.1400000000000015	1
2.1600000000000015	-1
2.1600000000000015	1
2.1800000000000015	-1
2.1800000000000015	1
2.2000000000000015	-1
2.2000000000000015	1
2.2200000000000015	-1
2.2200000000000015	1
2.2400000000000015	-1
2.2400000000000015	1
2.2600000000000016	-1
2.2600000000000016	1
2.2800000000000016	-1
2.2800000000000016	1
2.3000000000000016	-1
2.3000000000000016	1
2.3200000000000016	-1
2.3200000000000016	1
2.3400000000000016	-1
2.3400000000000016	1
2.3600000000000017	-1
2.3600000000000017	1
2.3800000000000017	-1
2.3800000000000017	1
2.4000000000000017	-1
2.4000000000000017	1
2.4200000000000017	-1
2.4200000000000017	1
2.4400000000000017	-1
2.4400000000000017	1
2.4600000000000017	-1
2.4600000000000017	1
2.4800000000000018	-1
2.4800000000000018	1
2.5000000000000018	-1
2.5000000000000018	1
2.520000000000002	-1
2.520000000000002	1
2.540000000000002	-1
2.540000000000002	1
2.560000000000002	-1
2.560000000000002	1
2.580000000000002	-1
2.580000000000002	1
2.600000000000002	-1
2.600000000000002	1
2.620000000000002	-1
2.620000000000002	1
2.640000000000002	-1
2.640000000000002	1
2.660000000000002	-1
2.660000000000002	1
2.680000000000002	-1
2.680000000000002	1
2.700000000000002	-1
2.700000000000002	1
2.720000000000002	-1
2.720000000000002	1
2.740000000000002	-1
2.740000000000002	1
2.760000000000002	-1
2.760000000000002	1
2.780000000000002	-1
2.780000000000002	1
2.800000000000002	-1
2.800000000000002	1
2.820000000000002	-1
2.820000000000002	1
2.840000000000002	-1
2.840000000000002	1
2.860000000000002	-1
2.860000000000002	1
2.880000000000002	-1
2.880000000000002	1
2.900000000000002	-1
2.900000000000002	1
2.920000000000002	-1
2.920000000000002	1
2.940000000000002	-1
2.940000000000002	1
2.960000000000002	-1
2.960000000000002	1
2.980000000000002	-1
2.980000000000002	1
3.000000000000002	-1
3.000000000000002	1
3.0200000000000022	-1
3.0200000000000022	1
3.0400000000000023	-1
3.0400000000000023	1
3.0600000000000023	-1
3.0600000000000023	1
3.0800000000000023	-1
3.0800000000000023	1
3.1000000000000023	-1
3.1000000000000023	1
3.1200000000000023	-1
3.1200000000000023	1
3.1400000000000023	-1
3.1400000000000023	1
3.1600000000000024	-1
3.1600000000000024	1
3.1800000000000024	-1
3.1800000000000024	1
3.2000000000000024	-1
3.2000000000000024	1
3.2200000000000024	-1
3.2200000000000024	1
3.2400000000000024	-1
3.2400000000000024	1
3.2600000000000025	-1
3.2600000000000025	1
3.2800000000000025	-1
3.2800000000000025	1
3.3000000000000025	-1
3.3000000000000025	1
3.3200000000000025	-1
3.3200000000000025	1
3.3400000000000025	-1
3.3400000000000025	1
3.3600000000000025	-1
3.3600000000000025	1
3.3800000000000026	-1
3.3800000000000026	1
3.4000000000000026	-1
3.4000000000000026	1
3.4200000000000026	-1
3.4200000000000026	1
3.4400000000000026	-1
3.4400000000000026	1
3.4600000000000026	-1
3.4600000000000026	1
3.4800000000000026	-1
3.4800000000000026	1
3.5000000000000027	-1
3.5000000000000027	1
3.5200000000000027	-1
3.5200000000000027	1
3.5400000000000027	-1
3.5400000000000027	1
3.5600000000000027	-1
3.5600000000000027	1
3.5800000000000027	-1
3.5800000000000027	1
3.6000000000000028	-1
3.6000000000000028	1
3.6200000000000028	-1
3.6200000000000028	1
3.640000000000003	-1
3.640000000000003	1
3.660000000000003	-1
3.660000000000003	1
3.680000000000003	-1
3.680000000000003	1
3.700000000000003	-1
3.700000000000003	1
3.720000000000003	-1
3.720000000000003	1
3.740000000000003	-1
3.740000000000003	1
3.760000000000003	-1
3.760000000000003	1
3.780000000000003	-1
3.780000000000003	1
3.800000000000003	-1
3.800000000000003	1
3.820000000000003	-1
3.820000000000003	1
3.840000000000003	-1
3.840000000000003	1
3.860000000000003	-1
3.860000000000003	1
3.880000000000003	-1
3.880000000000003	1
3.900000000000003	-1
3.900000000000003	1
3.920000000000003	-1
3.920000000000003	1
3.940000000000003	-1
3.940000000000003	1
3.960000000000003	-1
3.960000000000003	1
3.980000000000003	-1
3.980000000000003	1
4.000000000000003	-1
4.000000000000003	1
4.020000000000002	-1
4.020000000000002	1
4.040000000000002	-1
4.040000000000002	1
4.060000000000001	-1
4.060000000000001	1
4.080000000000001	-1
4.080000000000001	1
4.1000000000000005	-1
4.1000000000000005	1
4.12	-1
4.12	1
4.14	-1
4.14	1
4.159999999999999	-1
4.159999999999999	1
4.179999999999999	-1
4.179999999999999	1
4.199999999999998	-1
4.199999999999998	1
4.219999999999998	-1
4.219999999999998	1
4.2399999999999975	-1
4.2399999999999975	1
4.259999999999997	-1
4.259999999999997	1
4.279999999999997	-1
4.279999999999997	1
4.299999999999996	-1
4.299999999999996	1
4.319999999999996	-1
4.319999999999996	1
4.339999999999995	-1
4.339999999999995	1
4.359999999999995	-1
4.359999999999995	1
4.379999999999995	-1
4.379999999999995	1
4.399999999999994	-1
4.399999999999994	1
4.419999999999994	-1
4.419999999999994	1
4.439999999999993	-1
4.439999999999993	1
4.459999999999993	-1
4.459999999999993	1
4.479999999999992	-1
4.479999999999992	1
4.499999999999992	-1
4.499999999999992	1
4.519999999999992	-1
4.519999999999992	1
4.539999999999991	-1
4.539999999999991	1
4.559999999999991	-1
4.559999999999991	1
4.57999999999999	-1
4.57999999999999	1
4.59999999999999	-1
4.59999999999999	1
4.6199999999999894	-1
4.6199999999999894	1
4.639999999999989	-1
4.639999999999989	1
4.659999999999989	-1
4.659999999999989	1
4.679999999999988	-1
4.679999999999988	1
4.699999999999988	-1
4.699999999999988	1
4.719999999999987	-1
4.719999999999987	1
4.739999999999987	-1
4.739999999999987	1
4.7599999999999865	-1
4.7599999999999865	1
4.779999999999986	-1
4.779999999999986	1
4.799999999999986	-1
4.799999999999986	1
4.819999999999985	-1
4.819999999999985	1
4.839999999999985	-1
4.839999999999985	1
4.859999999999984	-1
4.859999999999984	1
4.879999999999984	-1
4.879999999999984	1
4.8999999999999835	-1
4.8999999999999835	1
4.919999999999983	-1
4.919999999999983	1
4.939999999999983	-1
4.939999999999983	1
4.959999999999982	-1
4.959999999999982	1
4.979999999999982	-1
4.979999999999982	1
4.999999999999981	-1
4.999999999999981	1
5.019999999999981	-1
5.019999999999981	1
5.0399999999999805	-1
5.0399999999999805	1
5.05999999999998	-1
5.05999999999998	1
5.07999999999998	-1
5.07999999999998	1
5.099999999999979	-1
5.099999999999979	1
5.119999999999979	-1
5.119999999999979	1
5.139999999999978	-1
5.139999999999978	1
5.159999999999978	-1
5.159999999999978	1
5.1799999999999775	-1
5.1799999999999775	1
5.199999999999977	-1
5.199999999999977	1
5.219999999999977	-1
5.219999999999977	1
5.239999999999976	-1
5.239999999999976	1
5.259999999999976	-1
5.259999999999976	1
5.279999999999975	-1
5.279999999999975	1
5.299999999999975	-1
5.299999999999975	1
5.3199999999999745	-1
5.3199999999999745	1
5.339999999999974	-1
5.339999999999974	1
5.359999999999974	-1
5.359999999999974	1
5.379999999999973	-1
5.379999999999973	1
5.399999999999973	-1
5.399999999999973	1
5.419999999999972	-1
5.419999999999972	1
5.439999999999972	-1
5.439999999999972	1
5.4599999999999715	-1
5.4599999999999715	1
5.479999999999971	-1
5.479999999999971	1
5.499999999999971	-1
5.499999999999971	1
5.51999999999997	-1
5.51999999999997	1
5.53999999999997	-1
5.53999999999997	1
5.559999999999969	-1
5.559999999999969	1
5.579999999999969	-1
5.579999999999969	1
5.599999999999969	-1
5.599999999999969	1
5.619999999999968	-1
5.619999999999968	1
5.639999999999968	-1
5.639999999999968	1
5.659999999999967	-1
5.659999999999967	1
5.679999999999967	-1
5.679999999999967	1
5.699999999999966	-1
5.699999999999966	1
5.719999999999966	-1
5.719999999999966	1
5.739999999999966	-1
5.739999999999966	1
5.759999999999965	-1
5.759999999999965	1
5.779999999999965	-1
5.779999999999965	1
5.799999999999964	-1
5.799999999999964	1
5.819999999999964	-1
5.819999999999964	1
5.839999999999963	-1
5.839999999999963	1
5.859999999999963	-1
5.859999999999963	1
5.879999999999963	-1
5.879999999999963	1
5.899999999999962	-1
5.899999999999962	1
5.919999999999962	-1
5.919999999999962	1
5.939999999999961	-1
5.939999999999961	1
5.959999999999961	-1
5.959999999999961	1
5.9799999999999605	-1
5.9799999999999605	1
5.99999999999996	-1
5.99999999999996	1
6.01999999999996	-1
6.01999999999996	1
6.039999999999959	-1
6.039999999999959	1
6.059999999999959	-1
6.059999999999959	1
6.079999999999958	-1
6.079999999999958	1
6.099999999999958	-1
6.099999999999958	1
6.1199999999999575	-1
6.1199999999999575	1
6.139999999999957	-1
6.139999999999957	1
6.159999999999957	-1
6.159999999999957	1
6.179999999999956	-1
6.179999999999956	1
6.199999999999956	-1
6.199999999999956	1
6.219999999999955	-1
6.219999999999955	1
6.239999999999955	-1
6.239999999999955	1
6.2599999999999545	-1
6.2599999999999545	1
6.279999999999954	-1
6.279999999999954	1
6.299999999999954	-1
6.299999999999954	1
6.319999999999953	-1
6.319999999999953	1
6.339999999999953	-1
6.339999999999953	1
6.359999999999952	-1
6.359999999999952	1
6.379999999999952	-1
6.379999999999952	1
6.3999999999999515	-1
6.3999999999999515	1
6.419999999999951	-1
6.419999999999951	1
6.439999999999951	-1
6.439999999999951	1
6.45999999999995	-1
6.45999999999995	1
6.47999999999995	-1
6.47999999999995	1
6.499999999999949	-1
6.499999999999949	1
6.519999999999949	-1
6.519999999999949	1
6.5399999999999485	-1
6.5399999999999485	1
6.559999999999948	-1
6.559999999999948	1
6.579999999999948	-1
6.579999999999948	1
6.599999999999947	-1
6.599999999999947	1
6.619999999999947	-1
6.619999999999947	1
6.639999999999946	-1
6.639999999999946	1
6.659999999999946	-1
6.659999999999946	1
6.6799999999999455	-1
6.6799999999999455	1
6.699999999999945	-1
6.699999999999945	1
6.719999999999945	-1
6.719999999999945	1
6.739999999999944	-1
6.739999999999944	1
6.759999999999944	-1
6.759999999999944	1
6.779999999999943	-1
6.779999999999943	1
6.799999999999943	-1
6.799999999999943	1
6.8199999999999426	-1
6.8199999999999426	1
6.839999999999942	-1
6.839999999999942	1
6.859999999999942	-1
6.859999999999942	1
6.879999999999941	-1
6.879999999999941	1
6.899999999999941	-1
6.899999999999941	1
6.91999999999994	-1
6.91999999999994	1
6.93999999999994	-1
6.93999999999994	1
6.95999999999994	-1
6.95999999999994	1
6.979999999999939	-1
6.979999999999939	1
6.999999999999939	-1
6.999999999999939	1
7.019999999999938	-1
7.019999999999938	1
7.039999999999938	-1
7.039999999999938	1
7.059999999999937	-1
7.059999999999937	1
7.079999999999937	-1
7.079999999999937	1
7.099999999999937	-1
7.099999999999937	1
7.119999999999936	-1
7.119999999999936	1
7.139999999999936	-1
7.139999999999936	1
7.159999999999935	-1
7.159999999999935	1
7.179999999999935	-1
7.179999999999935	1
7.1999999999999345	-1
7.1999999999999345	1
7.219999999999934	-1
7.219999999999934	1
7.239999999999934	-1
7.239999999999934	1
7.259999999999933	-1
7.259999999999933	1
7.279999999999933	-1
7.279999999999933	1
7.299999999999932	-1
7.299999999999932	1
7.319999999999932	-1
7.319999999999932	1
7.3399999999999315	-1
7.3399999999999315	1
7.359999999999931	-1
7.359999999999931	1
7.379999999999931	-1
7.379999999999931	1
7.39999999999993	-1
7.39999999999993	1
7.41999999999993	-1
7.41999999999993	1
7.439999999999929	-1
7.439999999999929	1
7.459999999999929	-1
7.459999999999929	1
7.4799999999999285	-1
7.4799999999999285	1
7.499999999999928	-1
7.499999999999928	1
7.519999999999928	-1
7.519999999999928	1
7.539999999999927	-1
7.539999999999927	1
7.559999999999927	-1
7.559999999999927	1
7.579999999999926	-1
7.579999999999926	1
7.599999999999926	-1
7.599999999999926	1
7.6199999999999255	-1
7.6199999999999255	1
7.639999999999925	-1
7.639999999999925	1
7.659999999999925	-1
7.659999999999925	1
7.679999999999924	-1
7.679999999999924	1
7.699999999999924	-1
7.699999999999924	1
7.719999999999923	-1
7.719999999999923	1
7.739999999999923	-1
7.739999999999923	1
7.7599999999999225	-1
7.7599999999999225	1
7.779999999999922	-1
7.779999999999922	1
7.799999999999922	-1
7.799999999999922	1
7.819999999999921	-1
7.819999999999921	1
7.839999999999921	-1
7.839999999999921	1
7.85999999999992	-1
7.85999999999992	1
7.87999999999992	-1
7.87999999999992	1
7.8999999999999195	-1
7.8999999999999195	1
7.919999999999919	-1
7.919999999999919	1
7.939999999999919	-1
7.939999999999919	1
7.959999999999918	-1
7.959999999999918	1
7.979999999999918	-1
7.979999999999918	1
7.999999999999917	-1
7.999999999999917	1
8.019999999999918	-1
8.019999999999918	1
8.039999999999917	-1
8.039999999999917	1
8.059999999999917	-1
8.059999999999917	1
8.079999999999917	-1
8.079999999999917	1
8.099999999999916	-1
8.099999999999916	1
8.119999999999916	-1
8.119999999999916	1
8.139999999999915	-1
8.139999999999915	1
8.159999999999915	-1
8.159999999999915	1
8.179999999999914	-1
8.179999999999914	1
8.199999999999914	-1
8.199999999999914	1
8.219999999999914	-1
8.219999999999914	1
8.239999999999913	-1
8.239999999999913	1
8.259999999999913	-1
8.259999999999913	1
8.279999999999912	-1
8.279999999999912	1
8.299999999999912	-1
8.299999999999912	1
8.319999999999911	-1
8.319999999999911	1
8.339999999999911	-1
8.339999999999911	1
8.35999999999991	-1
8.35999999999991	1
8.37999999999991	-1
8.37999999999991	1
8.39999999999991	-1
8.39999999999991	1
8.41999999999991	-1
8.41999999999991	1
8.439999999999909	-1
8.439999999999909	1
8.459999999999908	-1
8.459999999999908	1
8.479999999999908	-1
8.479999999999908	1
8.499999999999908	-1
8.499999999999908	1
8.519999999999907	-1
8.519999999999907	1
8.539999999999907	-1
8.539999999999907	1
8.559999999999906	-1
8.559999999999906	1
8.579999999999906	-1
8.579999999999906	1
8.599999999999905	-1
8.599999999999905	1
8.619999999999905	-1
8.619999999999905	1
8.639999999999905	-1
8.639999999999905	1
8.659999999999904	-1
8.659999999999904	1
8.679999999999904	-1
8.679999999999904	1
8.699999999999903	-1
8.699999999999903	1
8.719999999999903	-1
8.719999999999903	1
8.739999999999903	-1
8.739999999999903	1
8.759999999999902	-1
8.759999999999902	1
8.779999999999902	-1
8.779999999999902	1
8.799999999999901	-1
8.799999999999901	1
8.8199999999999	-1
8.8199999999999	1
8.8399999999999	-1
8.8399999999999	1
8.8599999999999	-1
8.8599999999999	1
8.8799999999999	-1
8.8799999999999	1
8.899999999999899	-1
8.899999999999899	1
8.919999999999899	-1
8.919999999999899	1
8.939999999999898	-1
8.939999999999898	1
8.959999999999898	-1
8.959999999999898	1
8.979999999999897	-1
8.979999999999897	1
8.999999999999897	-1
8.999999999999897	1
9.019999999999897	-1
9.019999999999897	1
9.039999999999896	-1
9.039999999999896	1
9.059999999999896	-1
9.059999999999896	1
9.079999999999895	-1
9.079999999999895	1
9.099999999999895	-1
9.099999999999895	1
9.119999999999894	-1
9.119999999999894	1
9.139999999999894	-1
9.139999999999894	1
9.159999999999894	-1
9.159999999999894	1
9.179999999999893	-1
9.179999999999893	1
9.199999999999893	-1
9.199999999999893	1
9.219999999999892	-1
9.219999999999892	1
9.239999999999892	-1
9.239999999999892	1
9.259999999999891	-1
9.259999999999891	1
9.279999999999891	-1
9.279999999999891	1
9.29999999999989	-1
9.29999999999989	1
9.31999999999989	-1
9.31999999999989	1
9.33999999999989	-1
9.33999999999989	1
9.35999999999989	-1
9.35999999999989	1
9.379999999999889	-1
9.379999999999889	1
9.399999999999888	-1
9.399999999999888	1
9.419999999999888	-1
9.419999999999888	1
9.439999999999888	-1
9.439999999999888	1
9.459999999999887	-1
9.459999999999887	1
9.479999999999887	-1
9.479999999999887	1
9.499999999999886	-1
9.499999999999886	1
9.519999999999886	-1
9.519999999999886	1
9.539999999999885	-1
9.539999999999885	1
9.559999999999885	-1
9.559999999999885	1
9.579999999999885	-1
9.579999999999885	1
9.599999999999884	-1
9.599999999999884	1
9.619999999999884	-1
9.619999999999884	1
9.639999999999883	-1
9.639999999999883	1
9.659999999999883	-1
9.659999999999883	1
9.679999999999882	-1
9.679999999999882	1
9.699999999999882	-1
9.699999999999882	1
9.719999999999882	-1
9.719999999999882	1
9.739999999999881	-1
9.739999999999881	1
9.75999999999988	-1
9.75999999999988	1
9.77999999999988	-1
9.77999999999988	1
9.79999999999988	-1
9.79999999999988	1
9.81999999999988	-1
9.81999999999988	1
9.839999999999879	-1
9.839999999999879	1
9.859999999999879	-1
9.859999999999879	1
9.879999999999878	-1
9.879999999999878	1
9.899999999999878	-1
9.899999999999878	1
9.919999999999877	-1
9.919999999999877	1
9.939999999999877	-1
9.939999999999877	1
9.959999999999877	-1
9.959999999999877	1
9.979999999999876	-1
9.979999999999876	1
9.999999999999876	-1
9.999999999999876	1
10.019999999999875	-1
