0.02	-1
0.02	1
0.04	-1
0.04	1
0.06	-1
0.06	1
0.08	-1
0.08	1
0.1	-1
0.1	1
0.12000000000000001	-1
0.12000000000000001	1
0.14	-1
0.14	1
0.16	-1
0.16	1
0.18	-1
0.18	1
0.19999999999999998	-1
0.19999999999999998	1
0.21999999999999997	-1
0.21999999999999997	1
0.23999999999999996	-1
0.23999999999999996	1
0.25999999999999995	-1
0.25999999999999995	1
0.27999999999999997	-1
0.27999999999999997	1
0.3	-1
0.3	1
0.32	-1
0.32	1
0.34	-1
0.34	1
0.36000000000000004	-1
0.36000000000000004	1
0.38000000000000006	-1
0.38000000000000006	1
0.4000000000000001	-1
0.4000000000000001	1
0.4200000000000001	-1
0.4200000000000001	1
0.4400000000000001	-1
0.4400000000000001	1
0.46000000000000013	-1
0.46000000000000013	1
0.48000000000000015	-1
0.48000000000000015	1
0.5000000000000001	-1
0.5000000000000001	1
0.5200000000000001	-1
0.5200000000000001	1
0.5400000000000001	-1
0.5400000000000001	1
0.5600000000000002	-1
0.5600000000000002	1
0.5800000000000002	-1
0.5800000000000002	1
0.6000000000000002	-1
0.6000000000000002	1
0.6200000000000002	-1
0.6200000000000002	1
0.6400000000000002	-1
0.6400000000000002	1
0.6600000000000003	-1
0.6600000000000003	1
0.6800000000000003	-1
0.6800000000000003	1
0.7000000000000003	-1
0.7000000000000003	1
0.7200000000000003	-1
0.7200000000000003	1
0.7400000000000003	-1
0.7400000000000003	1
0.7600000000000003	-1
0.7600000000000003	1
0.7800000000000004	-1
0.7800000000000004	1
0.8000000000000004	-1
0.8000000000000004	1
0.8200000000000004	-1
0.8200000000000004	1
0.8400000000000004	-1
0.8400000000000004	1
0.8600000000000004	-1
0.8600000000000004	1
0.8800000000000004	-1
0.8800000000000004	1
0.9000000000000005	-1
0.9000000000000005	1
0.9200000000000005	-1
0.9200000000000005	1
0.9400000000000005	-1
0.9400000000000005	1
0.9600000000000005	-1
0.9600000000000005	1
0.9800000000000005	-1
0.9800000000000005	1
1.0000000000000004	-1
1.0000000000000004	1
1.0200000000000005	-1
1.0200000000000005	1
1.0400000000000005	-1
1.0400000000000005	1
1.0600000000000005	-1
1.0600000000000005	1
1.0800000000000005	-1
1.0800000000000005	1
1.1000000000000005	-1
1.1000000000000005	1
1.1200000000000006	-1
1.1200000000000006	1
1.1400000000000006	-1
1.1400000000000006	1
1.1600000000000006	-1
1.1600000000000006	1
1.1800000000000006	-1
1.1800000000000006	1
1.2000000000000006	-1
1.2000000000000006	1
1.2200000000000006	-1
1.2200000000000006	1
1.2400000000000007	-1
1.2400000000000007	1
1.2600000000000007	-1
1.2600000000000007	1
1.2800000000000007	-1
1.2800000000000007	1
1.3000000000000007	-1
1.3000000000000007	1
1.3200000000000007	-1
1.3200000000000007	1
1.3400000000000007	-1
1.3400000000000007	1
1.3600000000000008	-1
1.3600000000000008	1
1.3800000000000008	-1
1.3800000000000008	1
1.4000000000000008	-1
1.4000000000000008	1
1.4200000000000008	-1
1.4200000000000008	1
1.4400000000000008	-1
1.4400000000000008	1
1.4600000000000009	-1
1.4600000000000009	1
1.4800000000000009	-1
1.4800000000000009	1
1.5000000000000009	-1
1.5000000000000009	1
1.520000000000001	-1
1.520000000000001	1
1.540000000000001	-1
1.540000000000001	1
1.560000000000001	-1
1.560000000000001	1
1.580000000000001	-1
1.580000000000001	1
1.600000000000001	-1
1.600000000000001	1
1.620000000000001	-1
1.620000000000001	1
1.640000000000001	-1
1.640000000000001	1
1.660000000000001	-1
1.660000000000001	1
1.680000000000001	-1
1.680000000000001	1
1.700000000000001	-1
1.700000000000001	1
1.720000000000001	-1
1.720000000000001	1
1.740000000000001	-1
1.740000000000001	1
1.7600000000000011	-1
1.7600000000000011	1
1.7800000000000011	-1
1.7800000000000011	1
1.8000000000000012	-1
1.8000000000000012	1
1.8200000000000012	-1
1.8200000000000012	1
1.8400000000000012	-1
1.8400000000000012	1
1.8600000000000012	-1
1.8600000000000012	1
1.8800000000000012	-1
1.8800000000000012	1
1.9000000000000012	-1
1.9000000000000012	1
1.9200000000000013	-1
1.9200000000000013	1
1.9400000000000013	-1
1.9400000000000013	1
1.9600000000000013	-1
1.9600000000000013	1
1.9800000000000013	-1
1.9800000000000013	1
2.0000000000000013	-1
2.0000000000000013	1
2.0200000000000014	-1
2.0200000000000014	1
2.0400000000000014	-1
2.0400000000000014	1
2.0600000000000014	-1
2.0600000000000014	1
2.0800000000000014	-1
2.0800000000000014	1
2.1000000000000014	-1
2.1000000000000014	1
2.1200000000000014	-1
2.1200000000000014	1
2.1400000000000015	-1
2.1400000000000015	1
2.1600000000000015	-1
2.1600000000000015	1
2.1800000000000015	-1
2.1800000000000015	1
2.2000000000000015	-1
2.2000000000000015	1
2.2200000000000015	-1
2.2200000000000015	1
2.2400000000000015	-1
2.2400000000000015	1
2.2600000000000016	-1
2.2600000000000016	1
2.2800000000000016	-1
2.2800000000000016	1
2.3000000000000016	-1
2.3000000000000016	1
2.3200000000000016	-1
2.3200000000000016	1
2.3400000000000016	-1
2.3400000000000016	1
2.3600000000000017	-1
2.3600000000000017	1
2.3800000000000017	-1
2.3800000000000017	1
2.4000000000000017	-1
2.4000000000000017	1
2.4200000000000017	-1
2.4200000000000017	1
2.4400000000000017	-1
2.4400000000000017	1
2.4600000000000017	-1
2.4600000000000017	1
2.4800000000000018	-1
2.4800000000000018	1
2.5000000000000018	-1
2.5000000000000018	1
2.520000000000002	-1
2.520000000000002	1
2.540000000000002	-1
2.540000000000002	1
2.560000000000002	-1
2.560000000000002	1
2.580000000000002	-1
2.580000000000002	1
2.600000000000002	-1
2.600000000000002	1
2.620000000000002	-1
2.620000000000002	1
2.640000000000002	-1
2.640000000000002	1
2.660000000000002	-1
2.660000000000002	1
2.680000000000002	-1
2.680000000000002	1
2.700000000000002	-1
2.700000000000002	1
2.720000000000002	-1
2.720000000000002	1
2.740000000000002	-1
2.740000000000002	1
2.760000000000002	-1
2.760000000000002	1
2.780000000000002	-1
2.780000000000002	1
2.800000000000002	-1
2.800000000000002	1
2.820000000000002	-1
2.820000000000002	1
2.840000000000002	-1
2.840000000000002	1
2.860000000000002	-1
2.860000000000002	1
2.880000000000002	-1
2.880000000000002	1
2.900000000000002	-1
2.900000000000002	1
2.920000000000002	-1
2.920000000000002	1
2.940000000000002	-1
2.940000000000002	1
2.960000000000002	-1
2.960000000000002	1
2.980000000000002	-1
2.980000000000002	1
3.000000000000002	-1
3.000000000000002	1
3.0200000000000022	-1
3.0200000000000022	1
3.0400000000000023	-1
3.0400000000000023	1
3.0600000000000023	-1
3.0600000000000023	1
3.0800000000000023	-1
3.0800000000000023	1
3.1000000000000023	-1
3.1000000000000023	1
3.1200000000000023	-1
3.1200000000000023	1
3.1400000000000023	-1
3.1400000000000023	1
3.1600000000000024	-1
3.1600000000000024	1
3.1800000000000024	-1
3.1800000000000024	1
3.2000000000000024	-1
3.2000000000000024	1
3.2200000000000024	-1
3.2200000000000024	1
3.2400000000000024	-1
3.2400000000000024	1
3.2600000000000025	-1
3.2600000000000025	1
3.2800000000000025	-1
3.2800000000000025	1
3.3000000000000025	-1
3.3000000000000025	1
3.3200000000000025	-1
3.3200000000000025	1
3.3400000000000025	-1
3.3400000000000025	1
3.3600000000000025	-1
3.3600000000000025	1
3.3800000000000026	-1
3.3800000000000026	1
3.4000000000000026	-1
3.4000000000000026	1
3.4200000000000026	-1
3.4200000000000026	1
3.4400000000000026	-1
3.4400000000000026	1
3.4600000000000026	-1
3.4600000000000026	1
3.4800000000000026	-1
3.4800000000000026	1
3.5000000000000027	-1
3.5000000000000027	1
3.5200000000000027	-1
3.5200000000000027	1
3.5400000000000027	-1
3.5400000000000027	1
3.5600000000000027	-1
3.5600000000000027	1
3.5800000000000027	-1
3.5800000000000027	1
3.6000000000000028	-1
3.6000000000000028	1
3.6200000000000028	-1
3.6200000000000028	1
3.640000000000003	-1
3.640000000000003	1
3.660000000000003	-1
3.660000000000003	1
3.680000000000003	-1
3.680000000000003	1
3.700000000000003	-1
3.700000000000003	1
3.720000000000003	-1
3.720000000000003	1
3.740000000000003	-1
3.740000000000003	1
3.760000000000003	-1
3.760000000000003	1
3.780000000000003	-1
3.780000000000003	1
3.800000000000003	-1
3.800000000000003	1
3.820000000000003	-1
3.820000000000003	1
3.840000000000003	-1
3.840000000000003	1
3.860000000000003	-1
3.860000000000003	1
3.880000000000003	-1
3.880000000000003	1
3.900000000000003	-1
3.900000000000003	1
3.920000000000003	-1
3.920000000000003	1
3.940000000000003	-1
3.940000000000003	1
3.960000000000003	-1
3.960000000000003	1
3.980000000000003	-1
3.980000000000003	1
4.000000000000003	-1
4.000000000000003	1
4.020000000000002	-1
4.020000000000002	1
4.040000000000002	-1
4.040000000000002	1
4.060000000000001	-1
4.060000000000001	1
4.080000000000001	-1
4.080000000000001	1
4.1000000000000005	-1
4.1000000000000005	1
4.12	-1
4.12	1
4.14	-1
4.14	1
4.159999999999999	-1
4.159999999999999	1
4.179999999999999	-1
4.179999999999999	1
4.199999999999998	-1
4.199999999999998	1
4.219999999999998	-1
4.219999999999998	1
4.2399999999999975	-1
4.2399999999999975	1
4.259999999999997	-1
4.259999999999997	1
4.279999999999997	-1
4.279999999999997	1
4.299999999999996	-1
4.299999999999996	1
4.319999999999996	-1
4.319999999999996	1
4.339999999999995	-1
4.339999999999995	1
4.359999999999995	-1
4.359999999999995	1
4.379999999999995	-1
4.379999999999995	1
4.399999999999994	-1
4.399999999999994	1
4.419999999999994	-1
4.419999999999994	1
4.439999999999993	-1
4.439999999999993	1
4.459999999999993	-1
4.459999999999993	1
4.479999999999992	-1
4.479999999999992	1
4.499999999999992	-1
4.499999999999992	1
4.519999999999992	-1
4.519999999999992	1
4.539999999999991	-1
4.539999999999991	1
4.559999999999991	-1
4.559999999999991	1
4.57999999999999	-1
4.57999999999999	1
4.59999999999999	-1
4.59999999999999	1
4.6199999999999894	-1
4.6199999999999894	1
4.639999999999989	-1
4.639999999999989	1
4.659999999999989	-1
4.659999999999989	1
4.679999999999988	-1
4.679999999999988	1
4.699999999999988	-1
4.699999999999988	1
4.719999999999987	-1
4.719999999999987	1
4.739999999999987	-1
4.739999999999987	1
4.7599999999999865	-1
4.7599999999999865	1
4.779999999999986	-1
4.779999999999986	1
4.799999999999986	-1
4.799999999999986	1
4.819999999999985	-1
4.819999999999985	1
4.839999999999985	-1
4.839999999999985	1
4.859999999999984	-1
4.859999999999984	1
4.879999999999984	-1
4.879999999999984	1
4.8999999999999835	-1
4.8999999999999835	1
4.919999999999983	-1
4.919999999999983	1
4.939999999999983	-1
4.939999999999983	1
4.959999999999982	-1
4.959999999999982	1
4.979999999999982	-1
4.979999999999982	1
4.999999999999981	-1
4.999999999999981	1
5.019999999999981	-1
