0.02	-1
0.02	1
0.04	-1
0.04	1
0.06	-1
0.06	1
0.08	-1
0.08	1
0.1	-1
0.1	1
0.12000000000000001	-1
0.12000000000000001	1
0.14	-1
0.14	1
0.16	-1
0.16	1
0.18	-1
0.18	1
0.19999999999999998	-1
0.19999999999999998	1
0.21999999999999997	-1
0.21999999999999997	1
0.23999999999999996	-1
0.23999999999999996	1
0.25999999999999995	-1
0.25999999999999995	1
0.27999999999999997	-1
0.27999999999999997	1
0.3	-1
0.3	1
0.32	-1
0.32	1
0.34	-1
0.34	1
0.36000000000000004	-1
0.36000000000000004	1
0.38000000000000006	-1
0.38000000000000006	1
0.4000000000000001	-1
0.4000000000000001	1
0.4200000000000001	-1
0.4200000000000001	1
0.4400000000000001	-1
0.4400000000000001	1
0.46000000000000013	-1
0.46000000000000013	1
0.48000000000000015	-1
0.48000000000000015	1
0.5000000000000001	-1
0.5000000000000001	1
0.5200000000000001	-1
0.5200000000000001	1
0.5400000000000001	-1
0.5400000000000001	1
0.5600000000000002	-1
0.5600000000000002	1
0.5800000000000002	-1
0.5800000000000002	1
0.6000000000000002	-1
0.6000000000000002	1
0.6200000000000002	-1
0.6200000000000002	1
0.6400000000000002	-1
0.6400000000000002	1
0.6600000000000003	-1
0.6600000000000003	1
0.6800000000000003	-1
0.6800000000000003	1
0.7000000000000003	-1
0.7000000000000003	1
0.7200000000000003	-1
0.7200000000000003	1
0.7400000000000003	-1
0.7400000000000003	1
0.7600000000000003	-1
0.7600000000000003	1
0.7800000000000004	-1
0.7800000000000004	1
0.8000000000000004	-1
0.8000000000000004	1
0.8200000000000004	-1
0.8200000000000004	1
0.8400000000000004	-1
0.8400000000000004	1
0.8600000000000004	-1
0.8600000000000004	1
0.8800000000000004	-1
0.8800000000000004	1
0.9000000000000005	-1
0.9000000000000005	1
0.9200000000000005	-1
0.9200000000000005	1
0.9400000000000005	-1
0.9400000000000005	1
0.9600000000000005	-1
0.9600000000000005	1
0.9800000000000005	-1
0.9800000000000005	1
1.0000000000000004	-1
1.0000000000000004	1
1.0200000000000005	-1
1.0200000000000005	1
1.0400000000000005	-1
1.0400000000000005	1
1.0600000000000005	-1
1.0600000000000005	1
1.0800000000000005	-1
1.0800000000000005	1
1.1000000000000005	-1
1.1000000000000005	1
1.1200000000000006	-1
1.1200000000000006	1
1.1400000000000006	-1
1.1400000000000006	1
1.1600000000000006	-1
1.1600000000000006	1
1.1800000000000006	-1
1.1800000000000006	1
1.2000000000000006	-1
1.2000000000000006	1
1.2200000000000006	-1
1.2200000000000006	1
1.2400000000000007	-1
1.2400000000000007	1
1.2600000000000007	-1
1.2600000000000007	1
1.2800000000000007	-1
1.2800000000000007	1
1.3000000000000007	-1
1.3000000000000007	1
1.3200000000000007	-1
1.3200000000000007	1
1.3400000000000007	-1
1.3400000000000007	1
1.3600000000000008	-1
1.3600000000000008	1
1.3800000000000008	-1
1.3800000000000008	1
1.4000000000000008	-1
1.4000000000000008	1
1.4200000000000008	-1
1.4200000000000008	1
1.4400000000000008	-1
1.4400000000000008	1
1.4600000000000009	-1
1.4600000000000009	1
1.4800000000000009	-1
1.4800000000000009	1
1.5000000000000009	-1
1.5000000000000009	1
1.520000000000001	-1
1.520000000000001	1
1.540000000000001	-1
1.540000000000001	1
1.560000000000001	-1
1.560000000000001	1
1.580000000000001	-1
1.580000000000001	1
1.600000000000001	-1
1.600000000000001	1
1.620000000000001	-1
1.620000000000001	1
1.640000000000001	-1
1.640000000000001	1
1.660000000000001	-1
1.660000000000001	1
1.680000000000001	-1
1.680000000000001	1
1.700000000000001	-1
1.700000000000001	1
1.720000000000001	-1
1.720000000000001	1
1.740000000000001	-1
1.740000000000001	1
1.7600000000000011	-1
1.7600000000000011	1
1.7800000000000011	-1
1.7800000000000011	1
1.8000000000000012	-1
1.8000000000000012	1
1.8200000000000012	-1
1.8200000000000012	1
1.8400000000000012	-1
1.8400000000000012	1
1.8600000000000012	-1
1.8600000000000012	1
1.8800000000000012	-1
1.8800000000000012	1
1.9000000000000012	-1
1.9000000000000012	1
1.9200000000000013	-1
1.9200000000000013	1
1.9400000000000013	-1
1.9400000000000013	1
1.9600000000000013	-1
1.9600000000000013	1
1.9800000000000013	-1
1.9800000000000013	1
2.0000000000000013	-1
2.0000000000000013	1
2.0200000000000014	-1
2.0200000000000014	1
2.0400000000000014	-1
2.0400000000000014	1
2.0600000000000014	-1
2.0600000000000014	1
2.0800000000000014	-1
2.0800000000000014	1
2.1000000000000014	-1
2.1000000000000014	1
2.1200000000000014	-1
2.1200000000000014	1
2.1400000000000015	-1
2.1400000000000015	1
2.1600000000000015	-1
2.1600000000000015	1
2.1800000000000015	-1
2.1800000000000015	1
2.2000000000000015	-1
2.2000000000000015	1
2.2200000000000015	-1
2.2200000000000015	1
2.2400000000000015	-1
2.2400000000000015	1
2.2600000000000016	-1
2.2600000000000016	1
2.2800000000000016	-1
2.2800000000000016	1
2.3000000000000016	-1
2.3000000000000016	1
2.3200000000000016	-1
2.3200000000000016	1
2.3400000000000016	-1
2.3400000000000016	1
2.3600000000000017	-1
2.3600000000000017	1
2.3800000000000017	-1
2.3800000000000017	1
2.4000000000000017	-1
2.4000000000000017	1
2.4200000000000017	-1
2.4200000000000017	1
2.4400000000000017	-1
2.4400000000000017	1
2.4600000000000017	-1
2.4600000000000017	1
2.4800000000000018	-1
2.4800000000000018	1
2.5000000000000018	-1
2.5000000000000018	1
2.520000000000002	-1
2.520000000000002	1
2.540000000000002	-1
2.540000000000002	1
2.560000000000002	-1
2.560000000000002	1
2.580000000000002	-1
2.580000000000002	1
2.600000000000002	-1
2.600000000000002	1
2.620000000000002	-1
2.620000000000002	1
2.640000000000002	-1
2.640000000000002	1
2.660000000000002	-1
2.660000000000002	1
2.680000000000002	-1
2.680000000000002	1
2.700000000000002	-1
2.700000000000002	1
2.720000000000002	-1
2.720000000000002	1
2.740000000000002	-1
2.740000000000002	1
2.760000000000002	-1
2.760000000000002	1
2.780000000000002	-1
2.780000000000002	1
2.800000000000002	-1
2.800000000000002	1
2.820000000000002	-1
2.820000000000002	1
2.840000000000002	-1
2.840000000000002	1
2.860000000000002	-1
2.860000000000002	1
2.880000000000002	-1
2.880000000000002	1
2.900000000000002	-1
2.900000000000002	1
2.920000000000002	-1
2.920000000000002	1
2.940000000000002	-1
2.940000000000002	1
2.960000000000002	-1
2.960000000000002	1
2.980000000000002	-1
2.980000000000002	1
3.000000000000002	-1
3.000000000000002	1
3.0200000000000022	-1
3.0200000000000022	1
3.0400000000000023	-1
3.0400000000000023	1
3.0600000000000023	-1
3.0600000000000023	1
3.0800000000000023	-1
3.0800000000000023	1
3.1000000000000023	-1
3.1000000000000023	1
3.1200000000000023	-1
3.1200000000000023	1
3.1400000000000023	-1
3.1400000000000023	1
3.1600000000000024	-1
3.1600000000000024	1
3.1800000000000024	-1
3.1800000000000024	1
3.2000000000000024	-1
3.2000000000000024	1
3.2200000000000024	-1
3.2200000000000024	1
3.2400000000000024	-1
3.2400000000000024	1
3.2600000000000025	-1
3.2600000000000025	1
3.2800000000000025	-1
3.2800000000000025	1
3.3000000000000025	-1
3.3000000000000025	1
3.3200000000000025	-1
3.3200000000000025	1
3.3400000000000025	-1
3.3400000000000025	1
3.3600000000000025	-1
3.3600000000000025	1
3.3800000000000026	-1
3.3800000000000026	1
3.4000000000000026	-1
3.4000000000000026	1
3.4200000000000026	-1
3.4200000000000026	1
3.4400000000000026	-1
3.4400000000000026	1
3.4600000000000026	-1
3.4600000000000026	1
3.4800000000000026	-1
3.4800000000000026	1
3.5000000000000027	-1
3.5000000000000027	1
3.5200000000000027	-1
3.5200000000000027	1
3.5400000000000027	-1
3.5400000000000027	1
3.5600000000000027	-1
3.5600000000000027	1
3.5800000000000027	-1
3.5800000000000027	1
3.6000000000000028	-1
3.6000000000000028	1
3.6200000000000028	-1
3.6200000000000028	1
3.640000000000003	-1
3.640000000000003	1
3.660000000000003	-1
3.660000000000003	1
3.680000000000003	-1
3.680000000000003	1
3.700000000000003	-1
3.700000000000003	1
3.720000000000003	-1
3.720000000000003	1
3.740000000000003	-1
3.740000000000003	1
3.760000000000003	-1
3.760000000000003	1
3.780000000000003	-1
3.780000000000003	1
3.800000000000003	-1
3.800000000000003	1
3.820000000000003	-1
3.820000000000003	1
3.840000000000003	-1
3.840000000000003	1
3.860000000000003	-1
3.860000000000003	1
3.880000000000003	-1
3.880000000000003	1
3.900000000000003	-1
3.900000000000003	1
3.920000000000003	-1
3.920000000000003	1
3.940000000000003	-1
3.940000000000003	1
3.960000000000003	-1
3.960000000000003	1
3.980000000000003	-1
3.980000000000003	1
4.000000000000003	-1
4.000000000000003	1
4.020000000000002	-1
4.020000000000002	1
4.040000000000002	-1
4.040000000000002	1
4.060000000000001	-1
4.060000000000001	1
4.080000000000001	-1
4.080000000000001	1
4.1000000000000005	-1
4.1000000000000005	1
4.12	-1
4.12	1
4.14	-1
4.14	1
4.159999999999999	-1
4.159999999999999	1
4.179999999999999	-1
4.179999999999999	1
4.199999999999998	-1
4.199999999999998	1
4.219999999999998	-1
4.219999999999998	1
4.2399999999999975	-1
4.2399999999999975	1
4.259999999999997	-1
4.259999999999997	1
4.279999999999997	-1
4.279999999999997	1
4.299999999999996	-1
4.299999999999996	1
4.319999999999996	-1
4.319999999999996	1
4.339999999999995	-1
4.339999999999995	1
4.359999999999995	-1
4.359999999999995	1
4.379999999999995	-1
4.379999999999995	1
4.399999999999994	-1
4.399999999999994	1
4.419999999999994	-1
4.419999999999994	1
4.439999999999993	-1
4.439999999999993	1
4.459999999999993	-1
4.459999999999993	1
4.479999999999992	-1
4.479999999999992	1
4.499999999999992	-1
4.499999999999992	1
4.519999999999992	-1
4.519999999999992	1
4.539999999999991	-1
4.539999999999991	1
4.559999999999991	-1
4.559999999999991	1
4.57999999999999	-1
4.57999999999999	1
4.59999999999999	-1
4.59999999999999	1
4.6199999999999894	-1
4.6199999999999894	1
4.639999999999989	-1
4.639999999999989	1
4.659999999999989	-1
4.659999999999989	1
4.679999999999988	-1
4.679999999999988	1
4.699999999999988	-1
4.699999999999988	1
4.719999999999987	-1
4.719999999999987	1
4.739999999999987	-1
4.739999999999987	1
4.7599999999999865	-1
4.7599999999999865	1
4.779999999999986	-1
4.779999999999986	1
4.799999999999986	-1
4.799999999999986	1
4.819999999999985	-1
4.819999999999985	1
4.839999999999985	-1
4.839999999999985	1
4.859999999999984	-1
4.859999999999984	1
4.879999999999984	-1
4.879999999999984	1
4.8999999999999835	-1
4.8999999999999835	1
4.919999999999983	-1
4.919999999999983	1
4.939999999999983	-1
4.939999999999983	1
4.959999999999982	-1
4.959999999999982	1
4.979999999999982	-1
4.979999999999982	1
4.999999999999981	-1
4.999999999999981	1
5.019999999999981	-1
5.019999999999981	1
5.0399999999999805	-1
5.0399999999999805	1
5.05999999999998	-1
5.05999999999998	1
5.07999999999998	-1
5.07999999999998	1
5.099999999999979	-1
5.099999999999979	1
5.119999999999979	-1
5.119999999999979	1
5.139999999999978	-1
5.139999999999978	1
5.159999999999978	-1
5.159999999999978	1
5.1799999999999775	-1
5.1799999999999775	1
5.199999999999977	-1
5.199999999999977	1
5.219999999999977	-1
5.219999999999977	1
5.239999999999976	-1
5.239999999999976	1
5.259999999999976	-1
5.259999999999976	1
5.279999999999975	-1
5.279999999999975	1
5.299999999999975	-1
5.299999999999975	1
5.3199999999999745	-1
5.3199999999999745	1
5.339999999999974	-1
5.339999999999974	1
5.359999999999974	-1
5.359999999999974	1
5.379999999999973	-1
5.379999999999973	1
5.399999999999973	-1
5.399999999999973	1
5.419999999999972	-1
5.419999999999972	1
5.439999999999972	-1
5.439999999999972	1
5.4599999999999715	-1
5.4599999999999715	1
5.479999999999971	-1
5.479999999999971	1
5.499999999999971	-1
5.499999999999971	1
5.51999999999997	-1
5.51999999999997	1
5.53999999999997	-1
5.53999999999997	1
5.559999999999969	-1
5.559999999999969	1
5.579999999999969	-1
5.579999999999969	1
5.599999999999969	-1
5.599999999999969	1
5.619999999999968	-1
5.619999999999968	1
5.639999999999968	-1
5.639999999999968	1
5.659999999999967	-1
5.659999999999967	1
5.679999999999967	-1
5.679999999999967	1
5.699999999999966	-1
5.699999999999966	1
5.719999999999966	-1
5.719999999999966	1
5.739999999999966	-1
5.739999999999966	1
5.759999999999965	-1
5.759999999999965	1
5.779999999999965	-1
5.779999999999965	1
5.799999999999964	-1
5.799999999999964	1
5.819999999999964	-1
5.819999999999964	1
5.839999999999963	-1
5.839999999999963	1
5.859999999999963	-1
5.859999999999963	1
5.879999999999963	-1
5.879999999999963	1
5.899999999999962	-1
5.899999999999962	1
5.919999999999962	-1
5.919999999999962	1
5.939999999999961	-1
5.939999999999961	1
5.959999999999961	-1
5.959999999999961	1
5.9799999999999605	-1
5.9799999999999605	1
5.99999999999996	-1
5.99999999999996	1
6.01999999999996	-1
6.01999999999996	1
6.039999999999959	-1
6.039999999999959	1
6.059999999999959	-1
6.059999999999959	1
6.079999999999958	-1
6.079999999999958	1
6.099999999999958	-1
6.099999999999958	1
6.1199999999999575	-1
6.1199999999999575	1
6.139999999999957	-1
6.139999999999957	1
6.159999999999957	-1
6.159999999999957	1
6.179999999999956	-1
6.179999999999956	1
6.199999999999956	-1
6.199999999999956	1
6.219999999999955	-1
6.219999999999955	1
6.239999999999955	-1
6.239999999999955	1
6.2599999999999545	-1
6.2599999999999545	1
6.279999999999954	-1
6.279999999999954	1
6.299999999999954	-1
6.299999999999954	1
6.319999999999953	-1
6.319999999999953	1
6.339999999999953	-1
6.339999999999953	1
6.359999999999952	-1
6.359999999999952	1
6.379999999999952	-1
6.379999999999952	1
6.3999999999999515	-1
6.3999999999999515	1
6.419999999999951	-1
6.419999999999951	1
6.439999999999951	-1
6.439999999999951	1
6.45999999999995	-1
6.45999999999995	1
6.47999999999995	-1
6.47999999999995	1
6.499999999999949	-1
6.499999999999949	1
6.519999999999949	-1
6.519999999999949	1
6.5399999999999485	-1
6.5399999999999485	1
6.559999999999948	-1
6.559999999999948	1
6.579999999999948	-1
6.579999999999948	1
6.599999999999947	-1
6.599999999999947	1
6.619999999999947	-1
6.619999999999947	1
6.639999999999946	-1
6.639999999999946	1
6.659999999999946	-1
6.659999999999946	1
6.6799999999999455	-1
6.6799999999999455	1
6.699999999999945	-1
6.699999999999945	1
6.719999999999945	-1
6.719999999999945	1
6.739999999999944	-1
6.739999999999944	1
6.759999999999944	-1
6.759999999999944	1
6.779999999999943	-1
6.779999999999943	1
6.799999999999943	-1
6.799999999999943	1
6.8199999999999426	-1
6.8199999999999426	1
6.839999999999942	-1
6.839999999999942	1
6.859999999999942	-1
6.859999999999942	1
6.879999999999941	-1
6.879999999999941	1
6.899999999999941	-1
6.899999999999941	1
6.91999999999994	-1
6.91999999999994	1
6.93999999999994	-1
6.93999999999994	1
6.95999999999994	-1
6.95999999999994	1
6.979999999999939	-1
6.979999999999939	1
6.999999999999939	-1
6.999999999999939	1
7.019999999999938	-1
7.019999999999938	1
7.039999999999938	-1
7.039999999999938	1
7.059999999999937	-1
7.059999999999937	1
7.079999999999937	-1
7.079999999999937	1
7.099999999999937	-1
7.099999999999937	1
7.119999999999936	-1
7.119999999999936	1
7.139999999999936	-1
7.139999999999936	1
7.159999999999935	-1
7.159999999999935	1
7.179999999999935	-1
7.179999999999935	1
7.1999999999999345	-1
7.1999999999999345	1
7.219999999999934	-1
7.219999999999934	1
7.239999999999934	-1
7.239999999999934	1
7.259999999999933	-1
7.259999999999933	1
7.279999999999933	-1
7.279999999999933	1
7.299999999999932	-1
7.299999999999932	1
7.319999999999932	-1
7.319999999999932	1
7.3399999999999315	-1
7.3399999999999315	1
7.359999999999931	-1
7.359999999999931	1
7.379999999999931	-1
7.379999999999931	1
7.39999999999993	-1
7.39999999999993	1
7.41999999999993	-1
7.41999999999993	1
7.439999999999929	-1
7.439999999999929	1
7.459999999999929	-1
7.459999999999929	1
7.4799999999999285	-1
7.4799999999999285	1
7.499999999999928	-1
7.499999999999928	1
7.519999999999928	-1
7.519999999999928	1
7.539999999999927	-1
7.539999999999927	1
7.559999999999927	-1
7.559999999999927	1
7.579999999999926	-1
7.579999999999926	1
7.599999999999926	-1
7.599999999999926	1
7.6199999999999255	-1
7.6199999999999255	1
7.639999999999925	-1
7.639999999999925	1
7.659999999999925	-1
7.659999999999925	1
7.679999999999924	-1
7.679999999999924	1
7.699999999999924	-1
7.699999999999924	1
7.719999999999923	-1
7.719999999999923	1
7.739999999999923	-1
7.739999999999923	1
7.7599999999999225	-1
7.7599999999999225	1
7.779999999999922	-1
7.779999999999922	1
7.799999999999922	-1
7.799999999999922	1
7.819999999999921	-1
7.819999999999921	1
7.839999999999921	-1
7.839999999999921	1
7.85999999999992	-1
7.85999999999992	1
7.87999999999992	-1
7.87999999999992	1
7.8999999999999195	-1
7.8999999999999195	1
7.919999999999919	-1
7.919999999999919	1
7.939999999999919	-1
7.939999999999919	1
7.959999999999918	-1
7.959999999999918	1
7.979999999999918	-1
7.979999999999918	1
7.999999999999917	-1
7.999999999999917	1
8.019999999999918	-1
8.019999999999918	1
8.039999999999917	-1
8.039999999999917	1
8.059999999999917	-1
8.059999999999917	1
8.079999999999917	-1
8.079999999999917	1
8.099999999999916	-1
8.099999999999916	1
8.119999999999916	-1
8.119999999999916	1
8.139999999999915	-1
8.139999999999915	1
8.159999999999915	-1
8.159999999999915	1
8.179999999999914	-1
8.179999999999914	1
8.199999999999914	-1
8.199999999999914	1
8.219999999999914	-1
8.219999999999914	1
8.239999999999913	-1
8.239999999999913	1
8.259999999999913	-1
8.259999999999913	1
8.279999999999912	-1
8.279999999999912	1
8.299999999999912	-1
8.299999999999912	1
8.319999999999911	-1
8.319999999999911	1
8.339999999999911	-1
8.339999999999911	1
8.35999999999991	-1
8.35999999999991	1
8.37999999999991	-1
8.37999999999991	1
8.39999999999991	-1
8.39999999999991	1
8.41999999999991	-1
8.41999999999991	1
8.439999999999909	-1
8.439999999999909	1
8.459999999999908	-1
8.459999999999908	1
8.479999999999908	-1
8.479999999999908	1
8.499999999999908	-1
8.499999999999908	1
8.519999999999907	-1
8.519999999999907	1
8.539999999999907	-1
8.539999999999907	1
8.559999999999906	-1
8.559999999999906	1
8.579999999999906	-1
8.579999999999906	1
8.599999999999905	-1
8.599999999999905	1
8.619999999999905	-1
8.619999999999905	1
8.639999999999905	-1
8.639999999999905	1
8.659999999999904	-1
8.659999999999904	1
8.679999999999904	-1
8.679999999999904	1
8.699999999999903	-1
8.699999999999903	1
8.719999999999903	-1
8.719999999999903	1
8.739999999999903	-1
8.739999999999903	1
8.759999999999902	-1
8.759999999999902	1
8.779999999999902	-1
8.779999999999902	1
8.799999999999901	-1
8.799999999999901	1
8.8199999999999	-1
8.8199999999999	1
8.8399999999999	-1
8.8399999999999	1
8.8599999999999	-1
8.8599999999999	1
8.8799999999999	-1
8.8799999999999	1
8.899999999999899	-1
8.899999999999899	1
8.919999999999899	-1
8.919999999999899	1
8.939999999999898	-1
8.939999999999898	1
8.959999999999898	-1
8.959999999999898	1
8.979999999999897	-1
8.979999999999897	1
8.999999999999897	-1
8.999999999999897	1
9.019999999999897	-1
9.019999999999897	1
9.039999999999896	-1
9.039999999999896	1
9.059999999999896	-1
9.059999999999896	1
9.079999999999895	-1
9.079999999999895	1
9.099999999999895	-1
9.099999999999895	1
9.119999999999894	-1
9.119999999999894	1
9.139999999999894	-1
9.139999999999894	1
9.159999999999894	-1
9.159999999999894	1
9.179999999999893	-1
9.179999999999893	1
9.199999999999893	-1
9.199999999999893	1
9.219999999999892	-1
9.219999999999892	1
9.239999999999892	-1
9.239999999999892	1
9.259999999999891	-1
9.259999999999891	1
9.279999999999891	-1
9.279999999999891	1
9.29999999999989	-1
9.29999999999989	1
9.31999999999989	-1
9.31999999999989	1
9.33999999999989	-1
9.33999999999989	1
9.35999999999989	-1
9.35999999999989	1
9.379999999999889	-1
9.379999999999889	1
9.399999999999888	-1
9.399999999999888	1
9.419999999999888	-1
9.419999999999888	1
9.439999999999888	-1
9.439999999999888	1
9.459999999999887	-1
9.459999999999887	1
9.479999999999887	-1
9.479999999999887	1
9.499999999999886	-1
9.499999999999886	1
9.519999999999886	-1
9.519999999999886	1
9.539999999999885	-1
9.539999999999885	1
9.559999999999885	-1
9.559999999999885	1
9.579999999999885	-1
9.579999999999885	1
9.599999999999884	-1
9.599999999999884	1
9.619999999999884	-1
9.619999999999884	1
9.639999999999883	-1
9.639999999999883	1
9.659999999999883	-1
9.659999999999883	1
9.679999999999882	-1
9.679999999999882	1
9.699999999999882	-1
9.699999999999882	1
9.719999999999882	-1
9.719999999999882	1
9.739999999999881	-1
9.739999999999881	1
9.75999999999988	-1
9.75999999999988	1
9.77999999999988	-1
9.77999999999988	1
9.79999999999988	-1
9.79999999999988	1
9.81999999999988	-1
9.81999999999988	1
9.839999999999879	-1
9.839999999999879	1
9.859999999999879	-1
9.859999999999879	1
9.879999999999878	-1
9.879999999999878	1
9.899999999999878	-1
9.899999999999878	1
9.919999999999877	-1
9.919999999999877	1
9.939999999999877	-1
9.939999999999877	1
9.959999999999877	-1
9.959999999999877	1
9.979999999999876	-1
9.979999999999876	1
9.999999999999876	-1
9.999999999999876	1
10.019999999999875	-1
10.019999999999875	1
10.039999999999875	-1
10.039999999999875	1
10.059999999999874	-1
10.059999999999874	1
10.079999999999874	-1
10.079999999999874	1
10.099999999999874	-1
10.099999999999874	1
10.119999999999873	-1
10.119999999999873	1
10.139999999999873	-1
10.139999999999873	1
10.159999999999872	-1
10.159999999999872	1
10.179999999999872	-1
10.179999999999872	1
10.199999999999871	-1
10.199999999999871	1
10.219999999999871	-1
10.219999999999871	1
10.23999999999987	-1
10.23999999999987	1
10.25999999999987	-1
10.25999999999987	1
10.27999999999987	-1
10.27999999999987	1
10.29999999999987	-1
10.29999999999987	1
10.319999999999869	-1
10.319999999999869	1
10.339999999999868	-1
10.339999999999868	1
10.359999999999868	-1
10.359999999999868	1
10.379999999999868	-1
10.379999999999868	1
10.399999999999867	-1
10.399999999999867	1
10.419999999999867	-1
10.419999999999867	1
10.439999999999866	-1
10.439999999999866	1
10.459999999999866	-1
10.459999999999866	1
10.479999999999865	-1
10.479999999999865	1
10.499999999999865	-1
10.499999999999865	1
10.519999999999865	-1
10.519999999999865	1
10.539999999999864	-1
10.539999999999864	1
10.559999999999864	-1
10.559999999999864	1
10.579999999999863	-1
10.579999999999863	1
10.599999999999863	-1
10.599999999999863	1
10.619999999999862	-1
10.619999999999862	1
10.639999999999862	-1
10.639999999999862	1
10.659999999999862	-1
10.659999999999862	1
10.679999999999861	-1
10.679999999999861	1
10.69999999999986	-1
10.69999999999986	1
10.71999999999986	-1
10.71999999999986	1
10.73999999999986	-1
10.73999999999986	1
10.75999999999986	-1
10.75999999999986	1
10.779999999999859	-1
10.779999999999859	1
10.799999999999859	-1
10.799999999999859	1
10.819999999999858	-1
10.819999999999858	1
10.839999999999858	-1
10.839999999999858	1
10.859999999999857	-1
10.859999999999857	1
10.879999999999857	-1
10.879999999999857	1
10.899999999999856	-1
10.899999999999856	1
10.919999999999856	-1
10.919999999999856	1
10.939999999999856	-1
10.939999999999856	1
10.959999999999855	-1
10.959999999999855	1
10.979999999999855	-1
10.979999999999855	1
10.999999999999854	-1
10.999999999999854	1
11.019999999999854	-1
11.019999999999854	1
11.039999999999853	-1
11.039999999999853	1
11.059999999999853	-1
11.059999999999853	1
11.079999999999853	-1
11.079999999999853	1
11.099999999999852	-1
11.099999999999852	1
11.119999999999852	-1
11.119999999999852	1
11.139999999999851	-1
11.139999999999851	1
11.159999999999851	-1
11.159999999999851	1
11.17999999999985	-1
11.17999999999985	1
11.19999999999985	-1
11.19999999999985	1
11.21999999999985	-1
11.21999999999985	1
11.23999999999985	-1
11.23999999999985	1
11.259999999999849	-1
11.259999999999849	1
11.279999999999848	-1
11.279999999999848	1
11.299999999999848	-1
11.299999999999848	1
11.319999999999848	-1
11.319999999999848	1
11.339999999999847	-1
11.339999999999847	1
11.359999999999847	-1
11.359999999999847	1
11.379999999999846	-1
11.379999999999846	1
11.399999999999846	-1
11.399999999999846	1
11.419999999999845	-1
11.419999999999845	1
11.439999999999845	-1
11.439999999999845	1
11.459999999999845	-1
11.459999999999845	1
11.479999999999844	-1
11.479999999999844	1
11.499999999999844	-1
11.499999999999844	1
11.519999999999843	-1
11.519999999999843	1
11.539999999999843	-1
11.539999999999843	1
11.559999999999842	-1
11.559999999999842	1
11.579999999999842	-1
11.579999999999842	1
11.599999999999842	-1
11.599999999999842	1
11.619999999999841	-1
11.619999999999841	1
11.63999999999984	-1
11.63999999999984	1
11.65999999999984	-1
11.65999999999984	1
11.67999999999984	-1
11.67999999999984	1
11.69999999999984	-1
11.69999999999984	1
11.719999999999839	-1
11.719999999999839	1
11.739999999999839	-1
11.739999999999839	1
11.759999999999838	-1
11.759999999999838	1
11.779999999999838	-1
11.779999999999838	1
11.799999999999837	-1
11.799999999999837	1
11.819999999999837	-1
11.819999999999837	1
11.839999999999836	-1
11.839999999999836	1
11.859999999999836	-1
11.859999999999836	1
11.879999999999836	-1
11.879999999999836	1
11.899999999999835	-1
11.899999999999835	1
11.919999999999835	-1
11.919999999999835	1
11.939999999999834	-1
11.939999999999834	1
11.959999999999834	-1
11.959999999999834	1
11.979999999999833	-1
11.979999999999833	1
11.999999999999833	-1
11.999999999999833	1
12.019999999999833	-1
12.019999999999833	1
12.039999999999832	-1
12.039999999999832	1
12.059999999999832	-1
12.059999999999832	1
12.079999999999831	-1
12.079999999999831	1
12.099999999999831	-1
12.099999999999831	1
12.11999999999983	-1
12.11999999999983	1
12.13999999999983	-1
12.13999999999983	1
12.15999999999983	-1
12.15999999999983	1
12.17999999999983	-1
12.17999999999983	1
12.199999999999829	-1
12.199999999999829	1
12.219999999999828	-1
12.219999999999828	1
12.239999999999828	-1
12.239999999999828	1
12.259999999999827	-1
12.259999999999827	1
12.279999999999827	-1
12.279999999999827	1
12.299999999999827	-1
12.299999999999827	1
12.319999999999826	-1
12.319999999999826	1
12.339999999999826	-1
12.339999999999826	1
12.359999999999825	-1
12.359999999999825	1
12.379999999999825	-1
12.379999999999825	1
12.399999999999824	-1
12.399999999999824	1
12.419999999999824	-1
12.419999999999824	1
12.439999999999824	-1
12.439999999999824	1
12.459999999999823	-1
12.459999999999823	1
12.479999999999823	-1
12.479999999999823	1
12.499999999999822	-1
12.499999999999822	1
12.519999999999822	-1
12.519999999999822	1
12.539999999999822	-1
12.539999999999822	1
12.559999999999821	-1
12.559999999999821	1
12.57999999999982	-1
12.57999999999982	1
12.59999999999982	-1
12.59999999999982	1
12.61999999999982	-1
12.61999999999982	1
12.63999999999982	-1
12.63999999999982	1
12.659999999999819	-1
12.659999999999819	1
12.679999999999819	-1
12.679999999999819	1
12.699999999999818	-1
12.699999999999818	1
12.719999999999818	-1
12.719999999999818	1
12.739999999999817	-1
12.739999999999817	1
12.759999999999817	-1
12.759999999999817	1
12.779999999999816	-1
12.779999999999816	1
12.799999999999816	-1
12.799999999999816	1
12.819999999999816	-1
12.819999999999816	1
12.839999999999815	-1
12.839999999999815	1
12.859999999999815	-1
12.859999999999815	1
12.879999999999814	-1
12.879999999999814	1
12.899999999999814	-1
12.899999999999814	1
12.919999999999813	-1
12.919999999999813	1
12.939999999999813	-1
12.939999999999813	1
12.959999999999813	-1
12.959999999999813	1
12.979999999999812	-1
12.979999999999812	1
12.999999999999812	-1
12.999999999999812	1
13.019999999999811	-1
13.019999999999811	1
13.03999999999981	-1
13.03999999999981	1
13.05999999999981	-1
13.05999999999981	1
13.07999999999981	-1
13.07999999999981	1
13.09999999999981	-1
13.09999999999981	1
13.11999999999981	-1
13.11999999999981	1
13.139999999999809	-1
13.139999999999809	1
13.159999999999808	-1
13.159999999999808	1
13.179999999999808	-1
13.179999999999808	1
13.199999999999807	-1
13.199999999999807	1
13.219999999999807	-1
13.219999999999807	1
13.239999999999807	-1
13.239999999999807	1
13.259999999999806	-1
13.259999999999806	1
13.279999999999806	-1
13.279999999999806	1
13.299999999999805	-1
13.299999999999805	1
13.319999999999805	-1
13.319999999999805	1
13.339999999999804	-1
13.339999999999804	1
13.359999999999804	-1
13.359999999999804	1
13.379999999999804	-1
13.379999999999804	1
13.399999999999803	-1
13.399999999999803	1
13.419999999999803	-1
13.419999999999803	1
13.439999999999802	-1
13.439999999999802	1
13.459999999999802	-1
13.459999999999802	1
13.479999999999801	-1
13.479999999999801	1
13.499999999999801	-1
13.499999999999801	1
13.5199999999998	-1
13.5199999999998	1
13.5399999999998	-1
13.5399999999998	1
13.5599999999998	-1
13.5599999999998	1
13.5799999999998	-1
13.5799999999998	1
13.599999999999799	-1
13.599999999999799	1
13.619999999999798	-1
13.619999999999798	1
13.639999999999798	-1
13.639999999999798	1
13.659999999999798	-1
13.659999999999798	1
13.679999999999797	-1
13.679999999999797	1
13.699999999999797	-1
13.699999999999797	1
13.719999999999796	-1
13.719999999999796	1
13.739999999999796	-1
13.739999999999796	1
13.759999999999796	-1
13.759999999999796	1
13.779999999999795	-1
13.779999999999795	1
13.799999999999795	-1
13.799999999999795	1
13.819999999999794	-1
13.819999999999794	1
13.839999999999794	-1
13.839999999999794	1
13.859999999999793	-1
13.859999999999793	1
13.879999999999793	-1
13.879999999999793	1
13.899999999999793	-1
13.899999999999793	1
13.919999999999792	-1
13.919999999999792	1
13.939999999999792	-1
13.939999999999792	1
13.959999999999791	-1
13.959999999999791	1
13.97999999999979	-1
13.97999999999979	1
13.99999999999979	-1
13.99999999999979	1
14.01999999999979	-1
14.01999999999979	1
14.03999999999979	-1
14.03999999999979	1
14.059999999999789	-1
14.059999999999789	1
14.079999999999789	-1
14.079999999999789	1
14.099999999999788	-1
14.099999999999788	1
14.119999999999788	-1
14.119999999999788	1
14.139999999999787	-1
14.139999999999787	1
14.159999999999787	-1
14.159999999999787	1
14.179999999999787	-1
14.179999999999787	1
14.199999999999786	-1
14.199999999999786	1
14.219999999999786	-1
14.219999999999786	1
14.239999999999785	-1
14.239999999999785	1
14.259999999999785	-1
14.259999999999785	1
14.279999999999784	-1
14.279999999999784	1
14.299999999999784	-1
14.299999999999784	1
14.319999999999784	-1
14.319999999999784	1
14.339999999999783	-1
14.339999999999783	1
14.359999999999783	-1
14.359999999999783	1
14.379999999999782	-1
14.379999999999782	1
14.399999999999782	-1
14.399999999999782	1
14.419999999999781	-1
14.419999999999781	1
14.439999999999781	-1
14.439999999999781	1
14.45999999999978	-1
14.45999999999978	1
14.47999999999978	-1
14.47999999999978	1
14.49999999999978	-1
14.49999999999978	1
14.51999999999978	-1
14.51999999999978	1
14.539999999999779	-1
14.539999999999779	1
14.559999999999778	-1
14.559999999999778	1
14.579999999999778	-1
14.579999999999778	1
14.599999999999778	-1
14.599999999999778	1
14.619999999999777	-1
14.619999999999777	1
14.639999999999777	-1
14.639999999999777	1
14.659999999999776	-1
14.659999999999776	1
14.679999999999776	-1
14.679999999999776	1
14.699999999999775	-1
14.699999999999775	1
14.719999999999775	-1
14.719999999999775	1
14.739999999999775	-1
14.739999999999775	1
14.759999999999774	-1
14.759999999999774	1
14.779999999999774	-1
14.779999999999774	1
14.799999999999773	-1
14.799999999999773	1
14.819999999999773	-1
14.819999999999773	1
14.839999999999772	-1
14.839999999999772	1
14.859999999999772	-1
14.859999999999772	1
14.879999999999772	-1
14.879999999999772	1
14.899999999999771	-1
14.899999999999771	1
14.91999999999977	-1
14.91999999999977	1
14.93999999999977	-1
14.93999999999977	1
14.95999999999977	-1
14.95999999999977	1
14.97999999999977	-1
14.97999999999977	1
14.999999999999769	-1
14.999999999999769	1
15.019999999999769	-1
15.019999999999769	1
15.039999999999768	-1
15.039999999999768	1
15.059999999999768	-1
15.059999999999768	1
15.079999999999767	-1
15.079999999999767	1
15.099999999999767	-1
15.099999999999767	1
15.119999999999767	-1
15.119999999999767	1
15.139999999999766	-1
15.139999999999766	1
15.159999999999766	-1
15.159999999999766	1
15.179999999999765	-1
15.179999999999765	1
15.199999999999765	-1
15.199999999999765	1
15.219999999999764	-1
15.219999999999764	1
15.239999999999764	-1
15.239999999999764	1
15.259999999999764	-1
15.259999999999764	1
15.279999999999763	-1
15.279999999999763	1
15.299999999999763	-1
15.299999999999763	1
15.319999999999762	-1
15.319999999999762	1
15.339999999999762	-1
15.339999999999762	1
15.359999999999761	-1
15.359999999999761	1
15.379999999999761	-1
15.379999999999761	1
15.39999999999976	-1
15.39999999999976	1
15.41999999999976	-1
15.41999999999976	1
15.43999999999976	-1
15.43999999999976	1
15.45999999999976	-1
15.45999999999976	1
15.479999999999759	-1
15.479999999999759	1
15.499999999999758	-1
15.499999999999758	1
15.519999999999758	-1
15.519999999999758	1
15.539999999999758	-1
15.539999999999758	1
15.559999999999757	-1
15.559999999999757	1
15.579999999999757	-1
15.579999999999757	1
15.599999999999756	-1
15.599999999999756	1
15.619999999999756	-1
15.619999999999756	1
15.639999999999755	-1
15.639999999999755	1
15.659999999999755	-1
15.659999999999755	1
15.679999999999755	-1
15.679999999999755	1
15.699999999999754	-1
15.699999999999754	1
15.719999999999754	-1
15.719999999999754	1
15.739999999999753	-1
15.739999999999753	1
15.759999999999753	-1
15.759999999999753	1
15.779999999999752	-1
15.779999999999752	1
15.799999999999752	-1
15.799999999999752	1
15.819999999999752	-1
15.819999999999752	1
15.839999999999751	-1
15.839999999999751	1
15.85999999999975	-1
15.85999999999975	1
15.87999999999975	-1
15.87999999999975	1
15.89999999999975	-1
15.89999999999975	1
15.91999999999975	-1
15.91999999999975	1
15.939999999999749	-1
15.939999999999749	1
15.959999999999749	-1
15.959999999999749	1
15.979999999999748	-1
15.979999999999748	1
15.999999999999748	-1
15.999999999999748	1
16.019999999999747	-1
16.019999999999747	1
16.039999999999747	-1
16.039999999999747	1
16.059999999999746	-1
16.059999999999746	1
16.079999999999746	-1
16.079999999999746	1
16.099999999999746	-1
16.099999999999746	1
16.119999999999745	-1
16.119999999999745	1
16.139999999999745	-1
16.139999999999745	1
16.159999999999744	-1
16.159999999999744	1
16.179999999999744	-1
16.179999999999744	1
16.199999999999743	-1
16.199999999999743	1
16.219999999999743	-1
16.219999999999743	1
16.239999999999743	-1
16.239999999999743	1
16.259999999999742	-1
16.259999999999742	1
16.279999999999742	-1
16.279999999999742	1
16.29999999999974	-1
16.29999999999974	1
16.31999999999974	-1
16.31999999999974	1
16.33999999999974	-1
16.33999999999974	1
16.35999999999974	-1
16.35999999999974	1
16.37999999999974	-1
16.37999999999974	1
16.39999999999974	-1
16.39999999999974	1
16.41999999999974	-1
16.41999999999974	1
16.43999999999974	-1
16.43999999999974	1
16.459999999999738	-1
16.459999999999738	1
16.479999999999738	-1
16.479999999999738	1
16.499999999999737	-1
16.499999999999737	1
16.519999999999737	-1
16.519999999999737	1
16.539999999999736	-1
16.539999999999736	1
16.559999999999736	-1
16.559999999999736	1
16.579999999999735	-1
16.579999999999735	1
16.599999999999735	-1
16.599999999999735	1
16.619999999999735	-1
16.619999999999735	1
16.639999999999734	-1
16.639999999999734	1
16.659999999999734	-1
16.659999999999734	1
16.679999999999733	-1
16.679999999999733	1
16.699999999999733	-1
16.699999999999733	1
16.719999999999732	-1
16.719999999999732	1
16.739999999999732	-1
16.739999999999732	1
16.75999999999973	-1
16.75999999999973	1
16.77999999999973	-1
16.77999999999973	1
16.79999999999973	-1
16.79999999999973	1
16.81999999999973	-1
16.81999999999973	1
16.83999999999973	-1
16.83999999999973	1
16.85999999999973	-1
16.85999999999973	1
16.87999999999973	-1
16.87999999999973	1
16.89999999999973	-1
16.89999999999973	1
16.919999999999728	-1
16.919999999999728	1
16.939999999999728	-1
16.939999999999728	1
16.959999999999727	-1
16.959999999999727	1
16.979999999999727	-1
16.979999999999727	1
16.999999999999726	-1
16.999999999999726	1
17.019999999999726	-1
17.019999999999726	1
17.039999999999726	-1
17.039999999999726	1
17.059999999999725	-1
17.059999999999725	1
17.079999999999725	-1
17.079999999999725	1
17.099999999999724	-1
17.099999999999724	1
17.119999999999724	-1
17.119999999999724	1
17.139999999999723	-1
17.139999999999723	1
17.159999999999723	-1
17.159999999999723	1
17.179999999999723	-1
17.179999999999723	1
17.199999999999722	-1
17.199999999999722	1
17.21999999999972	-1
17.21999999999972	1
17.23999999999972	-1
17.23999999999972	1
17.25999999999972	-1
17.25999999999972	1
17.27999999999972	-1
17.27999999999972	1
17.29999999999972	-1
17.29999999999972	1
17.31999999999972	-1
17.31999999999972	1
17.33999999999972	-1
17.33999999999972	1
17.35999999999972	-1
17.35999999999972	1
17.37999999999972	-1
17.37999999999972	1
17.399999999999718	-1
17.399999999999718	1
17.419999999999717	-1
17.419999999999717	1
17.439999999999717	-1
17.439999999999717	1
17.459999999999717	-1
17.459999999999717	1
17.479999999999716	-1
17.479999999999716	1
17.499999999999716	-1
17.499999999999716	1
17.519999999999715	-1
17.519999999999715	1
17.539999999999715	-1
17.539999999999715	1
17.559999999999715	-1
17.559999999999715	1
17.579999999999714	-1
17.579999999999714	1
17.599999999999714	-1
17.599999999999714	1
17.619999999999713	-1
17.619999999999713	1
17.639999999999713	-1
17.639999999999713	1
17.659999999999712	-1
17.659999999999712	1
17.679999999999712	-1
17.679999999999712	1
17.69999999999971	-1
17.69999999999971	1
17.71999999999971	-1
17.71999999999971	1
17.73999999999971	-1
17.73999999999971	1
17.75999999999971	-1
17.75999999999971	1
17.77999999999971	-1
17.77999999999971	1
17.79999999999971	-1
17.79999999999971	1
17.81999999999971	-1
17.81999999999971	1
17.83999999999971	-1
17.83999999999971	1
17.859999999999708	-1
17.859999999999708	1
17.879999999999708	-1
17.879999999999708	1
17.899999999999707	-1
17.899999999999707	1
17.919999999999707	-1
17.919999999999707	1
17.939999999999706	-1
17.939999999999706	1
17.959999999999706	-1
17.959999999999706	1
17.979999999999706	-1
17.979999999999706	1
17.999999999999705	-1
17.999999999999705	1
18.019999999999705	-1
18.019999999999705	1
18.039999999999704	-1
18.039999999999704	1
18.059999999999704	-1
18.059999999999704	1
18.079999999999703	-1
18.079999999999703	1
18.099999999999703	-1
18.099999999999703	1
18.119999999999703	-1
18.119999999999703	1
18.139999999999702	-1
18.139999999999702	1
18.1599999999997	-1
18.1599999999997	1
18.1799999999997	-1
18.1799999999997	1
18.1999999999997	-1
18.1999999999997	1
18.2199999999997	-1
18.2199999999997	1
18.2399999999997	-1
18.2399999999997	1
18.2599999999997	-1
18.2599999999997	1
18.2799999999997	-1
18.2799999999997	1
18.2999999999997	-1
18.2999999999997	1
18.3199999999997	-1
18.3199999999997	1
18.339999999999698	-1
18.339999999999698	1
18.359999999999697	-1
18.359999999999697	1
18.379999999999697	-1
18.379999999999697	1
18.399999999999697	-1
18.399999999999697	1
18.419999999999696	-1
18.419999999999696	1
18.439999999999696	-1
18.439999999999696	1
18.459999999999695	-1
18.459999999999695	1
18.479999999999695	-1
18.479999999999695	1
18.499999999999694	-1
18.499999999999694	1
18.519999999999694	-1
18.519999999999694	1
18.539999999999694	-1
18.539999999999694	1
18.559999999999693	-1
18.559999999999693	1
18.579999999999693	-1
18.579999999999693	1
18.599999999999692	-1
18.599999999999692	1
18.619999999999692	-1
18.619999999999692	1
18.63999999999969	-1
18.63999999999969	1
18.65999999999969	-1
18.65999999999969	1
18.67999999999969	-1
18.67999999999969	1
18.69999999999969	-1
18.69999999999969	1
18.71999999999969	-1
18.71999999999969	1
18.73999999999969	-1
18.73999999999969	1
18.75999999999969	-1
18.75999999999969	1
18.77999999999969	-1
18.77999999999969	1
18.799999999999688	-1
18.799999999999688	1
18.819999999999688	-1
18.819999999999688	1
18.839999999999687	-1
18.839999999999687	1
18.859999999999687	-1
18.859999999999687	1
18.879999999999686	-1
18.879999999999686	1
18.899999999999686	-1
18.899999999999686	1
18.919999999999686	-1
18.919999999999686	1
18.939999999999685	-1
18.939999999999685	1
18.959999999999685	-1
18.959999999999685	1
18.979999999999684	-1
18.979999999999684	1
18.999999999999684	-1
18.999999999999684	1
19.019999999999683	-1
19.019999999999683	1
19.039999999999683	-1
19.039999999999683	1
19.059999999999683	-1
19.059999999999683	1
19.079999999999682	-1
19.079999999999682	1
19.09999999999968	-1
19.09999999999968	1
19.11999999999968	-1
19.11999999999968	1
19.13999999999968	-1
19.13999999999968	1
19.15999999999968	-1
19.15999999999968	1
19.17999999999968	-1
19.17999999999968	1
19.19999999999968	-1
19.19999999999968	1
19.21999999999968	-1
19.21999999999968	1
19.23999999999968	-1
19.23999999999968	1
19.25999999999968	-1
19.25999999999968	1
19.279999999999678	-1
19.279999999999678	1
19.299999999999677	-1
19.299999999999677	1
19.319999999999677	-1
19.319999999999677	1
19.339999999999677	-1
19.339999999999677	1
19.359999999999676	-1
19.359999999999676	1
19.379999999999676	-1
19.379999999999676	1
19.399999999999675	-1
19.399999999999675	1
19.419999999999675	-1
19.419999999999675	1
19.439999999999674	-1
19.439999999999674	1
19.459999999999674	-1
19.459999999999674	1
19.479999999999674	-1
19.479999999999674	1
19.499999999999673	-1
19.499999999999673	1
19.519999999999673	-1
19.519999999999673	1
19.539999999999672	-1
19.539999999999672	1
19.559999999999672	-1
19.559999999999672	1
19.57999999999967	-1
19.57999999999967	1
19.59999999999967	-1
19.59999999999967	1
19.61999999999967	-1
19.61999999999967	1
19.63999999999967	-1
19.63999999999967	1
19.65999999999967	-1
19.65999999999967	1
19.67999999999967	-1
19.67999999999967	1
19.69999999999967	-1
19.69999999999967	1
19.71999999999967	-1
19.71999999999967	1
19.739999999999668	-1
19.739999999999668	1
19.759999999999668	-1
19.759999999999668	1
19.779999999999667	-1
19.779999999999667	1
19.799999999999667	-1
19.799999999999667	1
19.819999999999666	-1
19.819999999999666	1
19.839999999999666	-1
19.839999999999666	1
19.859999999999665	-1
19.859999999999665	1
19.879999999999665	-1
19.879999999999665	1
19.899999999999665	-1
19.899999999999665	1
19.919999999999664	-1
19.919999999999664	1
19.939999999999664	-1
19.939999999999664	1
19.959999999999663	-1
19.959999999999663	1
19.979999999999663	-1
19.979999999999663	1
19.999999999999662	-1
19.999999999999662	1
20.019999999999662	-1
20.019999999999662	1
20.03999999999966	-1
20.03999999999966	1
20.05999999999966	-1
20.05999999999966	1
20.07999999999966	-1
20.07999999999966	1
20.09999999999966	-1
20.09999999999966	1
20.11999999999966	-1
20.11999999999966	1
20.13999999999966	-1
20.13999999999966	1
20.15999999999966	-1
20.15999999999966	1
20.17999999999966	-1
20.17999999999966	1
20.19999999999966	-1
20.19999999999966	1
20.219999999999658	-1
20.219999999999658	1
20.239999999999657	-1
20.239999999999657	1
20.259999999999657	-1
20.259999999999657	1
20.279999999999657	-1
20.279999999999657	1
20.299999999999656	-1
20.299999999999656	1
20.319999999999656	-1
20.319999999999656	1
20.339999999999655	-1
20.339999999999655	1
20.359999999999655	-1
20.359999999999655	1
20.379999999999654	-1
20.379999999999654	1
20.399999999999654	-1
20.399999999999654	1
20.419999999999654	-1
20.419999999999654	1
20.439999999999653	-1
20.439999999999653	1
20.459999999999653	-1
20.459999999999653	1
20.479999999999652	-1
20.479999999999652	1
20.499999999999652	-1
20.499999999999652	1
20.51999999999965	-1
20.51999999999965	1
20.53999999999965	-1
20.53999999999965	1
20.55999999999965	-1
20.55999999999965	1
20.57999999999965	-1
20.57999999999965	1
20.59999999999965	-1
20.59999999999965	1
20.61999999999965	-1
20.61999999999965	1
20.63999999999965	-1
20.63999999999965	1
20.65999999999965	-1
20.65999999999965	1
20.679999999999648	-1
20.679999999999648	1
20.699999999999648	-1
20.699999999999648	1
20.719999999999647	-1
20.719999999999647	1
20.739999999999647	-1
20.739999999999647	1
20.759999999999646	-1
20.759999999999646	1
20.779999999999646	-1
20.779999999999646	1
20.799999999999645	-1
20.799999999999645	1
20.819999999999645	-1
20.819999999999645	1
20.839999999999645	-1
20.839999999999645	1
20.859999999999644	-1
20.859999999999644	1
20.879999999999644	-1
20.879999999999644	1
20.899999999999643	-1
20.899999999999643	1
20.919999999999643	-1
20.919999999999643	1
20.939999999999642	-1
20.939999999999642	1
20.959999999999642	-1
20.959999999999642	1
20.97999999999964	-1
20.97999999999964	1
20.99999999999964	-1
20.99999999999964	1
21.01999999999964	-1
21.01999999999964	1
21.03999999999964	-1
21.03999999999964	1
21.05999999999964	-1
21.05999999999964	1
21.07999999999964	-1
21.07999999999964	1
21.09999999999964	-1
21.09999999999964	1
21.11999999999964	-1
21.11999999999964	1
21.139999999999638	-1
21.139999999999638	1
21.159999999999638	-1
21.159999999999638	1
21.179999999999637	-1
21.179999999999637	1
21.199999999999637	-1
21.199999999999637	1
21.219999999999636	-1
21.219999999999636	1
21.239999999999636	-1
21.239999999999636	1
21.259999999999636	-1
21.259999999999636	1
21.279999999999635	-1
21.279999999999635	1
21.299999999999635	-1
21.299999999999635	1
21.319999999999634	-1
21.319999999999634	1
21.339999999999634	-1
21.339999999999634	1
21.359999999999634	-1
21.359999999999634	1
21.379999999999633	-1
21.379999999999633	1
21.399999999999633	-1
21.399999999999633	1
21.419999999999632	-1
21.419999999999632	1
21.439999999999632	-1
21.439999999999632	1
21.45999999999963	-1
21.45999999999963	1
21.47999999999963	-1
21.47999999999963	1
21.49999999999963	-1
21.49999999999963	1
21.51999999999963	-1
21.51999999999963	1
21.53999999999963	-1
21.53999999999963	1
21.55999999999963	-1
21.55999999999963	1
21.57999999999963	-1
21.57999999999963	1
21.59999999999963	-1
21.59999999999963	1
21.619999999999628	-1
21.619999999999628	1
21.639999999999628	-1
21.639999999999628	1
21.659999999999627	-1
21.659999999999627	1
21.679999999999627	-1
21.679999999999627	1
21.699999999999626	-1
21.699999999999626	1
21.719999999999626	-1
21.719999999999626	1
21.739999999999625	-1
21.739999999999625	1
21.759999999999625	-1
21.759999999999625	1
21.779999999999625	-1
21.779999999999625	1
21.799999999999624	-1
21.799999999999624	1
21.819999999999624	-1
21.819999999999624	1
21.839999999999623	-1
21.839999999999623	1
21.859999999999623	-1
21.859999999999623	1
21.879999999999622	-1
21.879999999999622	1
21.899999999999622	-1
21.899999999999622	1
21.91999999999962	-1
21.91999999999962	1
21.93999999999962	-1
21.93999999999962	1
21.95999999999962	-1
21.95999999999962	1
21.97999999999962	-1
21.97999999999962	1
21.99999999999962	-1
21.99999999999962	1
22.01999999999962	-1
22.01999999999962	1
22.03999999999962	-1
22.03999999999962	1
22.05999999999962	-1
22.05999999999962	1
22.079999999999618	-1
22.079999999999618	1
22.099999999999618	-1
22.099999999999618	1
22.119999999999617	-1
22.119999999999617	1
22.139999999999617	-1
22.139999999999617	1
22.159999999999616	-1
22.159999999999616	1
22.179999999999616	-1
22.179999999999616	1
22.199999999999616	-1
22.199999999999616	1
22.219999999999615	-1
22.219999999999615	1
22.239999999999615	-1
22.239999999999615	1
22.259999999999614	-1
22.259999999999614	1
22.279999999999614	-1
22.279999999999614	1
22.299999999999613	-1
22.299999999999613	1
22.319999999999613	-1
22.319999999999613	1
22.339999999999613	-1
22.339999999999613	1
22.359999999999612	-1
22.359999999999612	1
22.37999999999961	-1
22.37999999999961	1
22.39999999999961	-1
22.39999999999961	1
22.41999999999961	-1
22.41999999999961	1
22.43999999999961	-1
22.43999999999961	1
22.45999999999961	-1
22.45999999999961	1
22.47999999999961	-1
22.47999999999961	1
22.49999999999961	-1
22.49999999999961	1
22.51999999999961	-1
22.51999999999961	1
22.53999999999961	-1
22.53999999999961	1
22.559999999999608	-1
22.559999999999608	1
22.579999999999607	-1
22.579999999999607	1
22.599999999999607	-1
22.599999999999607	1
22.619999999999607	-1
22.619999999999607	1
22.639999999999606	-1
22.639999999999606	1
22.659999999999606	-1
22.659999999999606	1
22.679999999999605	-1
22.679999999999605	1
22.699999999999605	-1
22.699999999999605	1
22.719999999999605	-1
22.719999999999605	1
22.739999999999604	-1
22.739999999999604	1
22.759999999999604	-1
22.759999999999604	1
22.779999999999603	-1
22.779999999999603	1
22.799999999999603	-1
22.799999999999603	1
22.819999999999602	-1
22.819999999999602	1
22.839999999999602	-1
22.839999999999602	1
22.8599999999996	-1
22.8599999999996	1
22.8799999999996	-1
22.8799999999996	1
22.8999999999996	-1
22.8999999999996	1
22.9199999999996	-1
22.9199999999996	1
22.9399999999996	-1
22.9399999999996	1
22.9599999999996	-1
22.9599999999996	1
22.9799999999996	-1
22.9799999999996	1
22.9999999999996	-1
22.9999999999996	1
23.019999999999598	-1
23.019999999999598	1
23.039999999999598	-1
23.039999999999598	1
23.059999999999597	-1
23.059999999999597	1
23.079999999999597	-1
23.079999999999597	1
23.099999999999596	-1
23.099999999999596	1
23.119999999999596	-1
23.119999999999596	1
23.139999999999596	-1
23.139999999999596	1
23.159999999999595	-1
23.159999999999595	1
23.179999999999595	-1
23.179999999999595	1
23.199999999999594	-1
23.199999999999594	1
23.219999999999594	-1
23.219999999999594	1
23.239999999999593	-1
23.239999999999593	1
23.259999999999593	-1
23.259999999999593	1
23.279999999999593	-1
23.279999999999593	1
23.299999999999592	-1
23.299999999999592	1
23.31999999999959	-1
23.31999999999959	1
23.33999999999959	-1
23.33999999999959	1
23.35999999999959	-1
23.35999999999959	1
23.37999999999959	-1
23.37999999999959	1
23.39999999999959	-1
23.39999999999959	1
23.41999999999959	-1
23.41999999999959	1
23.43999999999959	-1
23.43999999999959	1
23.45999999999959	-1
23.45999999999959	1
23.47999999999959	-1
23.47999999999959	1
23.499999999999588	-1
23.499999999999588	1
23.519999999999587	-1
23.519999999999587	1
23.539999999999587	-1
23.539999999999587	1
23.559999999999587	-1
23.559999999999587	1
23.579999999999586	-1
23.579999999999586	1
23.599999999999586	-1
23.599999999999586	1
23.619999999999585	-1
23.619999999999585	1
23.639999999999585	-1
23.639999999999585	1
23.659999999999584	-1
23.659999999999584	1
23.679999999999584	-1
23.679999999999584	1
23.699999999999584	-1
23.699999999999584	1
23.719999999999583	-1
23.719999999999583	1
23.739999999999583	-1
23.739999999999583	1
23.759999999999582	-1
23.759999999999582	1
23.779999999999582	-1
23.779999999999582	1
23.79999999999958	-1
23.79999999999958	1
23.81999999999958	-1
23.81999999999958	1
23.83999999999958	-1
23.83999999999958	1
23.85999999999958	-1
23.85999999999958	1
23.87999999999958	-1
23.87999999999958	1
23.89999999999958	-1
23.89999999999958	1
23.91999999999958	-1
23.91999999999958	1
23.93999999999958	-1
23.93999999999958	1
23.959999999999578	-1
23.959999999999578	1
23.979999999999578	-1
23.979999999999578	1
23.999999999999577	-1
23.999999999999577	1
24.019999999999577	-1
24.019999999999577	1
24.039999999999576	-1
24.039999999999576	1
24.059999999999576	-1
24.059999999999576	1
24.079999999999576	-1
24.079999999999576	1
24.099999999999575	-1
24.099999999999575	1
24.119999999999575	-1
24.119999999999575	1
24.139999999999574	-1
24.139999999999574	1
24.159999999999574	-1
24.159999999999574	1
24.179999999999573	-1
24.179999999999573	1
24.199999999999573	-1
24.199999999999573	1
24.219999999999573	-1
24.219999999999573	1
24.239999999999572	-1
24.239999999999572	1
24.25999999999957	-1
24.25999999999957	1
24.27999999999957	-1
24.27999999999957	1
24.29999999999957	-1
24.29999999999957	1
24.31999999999957	-1
24.31999999999957	1
24.33999999999957	-1
24.33999999999957	1
24.35999999999957	-1
24.35999999999957	1
24.37999999999957	-1
24.37999999999957	1
24.39999999999957	-1
24.39999999999957	1
24.41999999999957	-1
24.41999999999957	1
24.439999999999568	-1
24.439999999999568	1
24.459999999999567	-1
24.459999999999567	1
24.479999999999567	-1
24.479999999999567	1
24.499999999999567	-1
24.499999999999567	1
24.519999999999566	-1
24.519999999999566	1
24.539999999999566	-1
24.539999999999566	1
24.559999999999565	-1
24.559999999999565	1
24.579999999999565	-1
24.579999999999565	1
24.599999999999564	-1
24.599999999999564	1
24.619999999999564	-1
24.619999999999564	1
24.639999999999564	-1
24.639999999999564	1
24.659999999999563	-1
24.659999999999563	1
24.679999999999563	-1
24.679999999999563	1
24.699999999999562	-1
24.699999999999562	1
24.719999999999562	-1
24.719999999999562	1
24.73999999999956	-1
24.73999999999956	1
24.75999999999956	-1
24.75999999999956	1
24.77999999999956	-1
24.77999999999956	1
24.79999999999956	-1
24.79999999999956	1
24.81999999999956	-1
24.81999999999956	1
24.83999999999956	-1
24.83999999999956	1
24.85999999999956	-1
24.85999999999956	1
24.87999999999956	-1
24.87999999999956	1
24.899999999999558	-1
24.899999999999558	1
24.919999999999558	-1
24.919999999999558	1
24.939999999999557	-1
24.939999999999557	1
24.959999999999557	-1
24.959999999999557	1
24.979999999999556	-1
24.979999999999556	1
24.999999999999556	-1
24.999999999999556	1
25.019999999999555	-1
25.019999999999555	1
25.039999999999555	-1
25.039999999999555	1
25.059999999999555	-1
25.059999999999555	1
25.079999999999554	-1
25.079999999999554	1
25.099999999999554	-1
25.099999999999554	1
25.119999999999553	-1
25.119999999999553	1
25.139999999999553	-1
25.139999999999553	1
25.159999999999553	-1
25.159999999999553	1
25.179999999999552	-1
25.179999999999552	1
25.19999999999955	-1
25.19999999999955	1
25.21999999999955	-1
25.21999999999955	1
25.23999999999955	-1
25.23999999999955	1
25.25999999999955	-1
25.25999999999955	1
25.27999999999955	-1
25.27999999999955	1
25.29999999999955	-1
25.29999999999955	1
25.31999999999955	-1
25.31999999999955	1
25.33999999999955	-1
25.33999999999955	1
25.35999999999955	-1
25.35999999999955	1
25.379999999999548	-1
25.379999999999548	1
25.399999999999547	-1
25.399999999999547	1
25.419999999999547	-1
25.419999999999547	1
25.439999999999547	-1
25.439999999999547	1
25.459999999999546	-1
25.459999999999546	1
25.479999999999546	-1
25.479999999999546	1
25.499999999999545	-1
25.499999999999545	1
25.519999999999545	-1
25.519999999999545	1
25.539999999999544	-1
25.539999999999544	1
25.559999999999544	-1
25.559999999999544	1
25.579999999999544	-1
25.579999999999544	1
25.599999999999543	-1
25.599999999999543	1
25.619999999999543	-1
25.619999999999543	1
25.639999999999542	-1
25.639999999999542	1
25.659999999999542	-1
25.659999999999542	1
25.67999999999954	-1
25.67999999999954	1
25.69999999999954	-1
25.69999999999954	1
25.71999999999954	-1
25.71999999999954	1
25.73999999999954	-1
25.73999999999954	1
25.75999999999954	-1
25.75999999999954	1
25.77999999999954	-1
25.77999999999954	1
25.79999999999954	-1
25.79999999999954	1
25.81999999999954	-1
25.81999999999954	1
25.839999999999538	-1
25.839999999999538	1
25.859999999999538	-1
25.859999999999538	1
25.879999999999537	-1
25.879999999999537	1
25.899999999999537	-1
25.899999999999537	1
25.919999999999536	-1
25.919999999999536	1
25.939999999999536	-1
25.939999999999536	1
25.959999999999535	-1
25.959999999999535	1
25.979999999999535	-1
25.979999999999535	1
25.999999999999535	-1
25.999999999999535	1
26.019999999999534	-1
26.019999999999534	1
26.039999999999534	-1
26.039999999999534	1
26.059999999999533	-1
26.059999999999533	1
26.079999999999533	-1
26.079999999999533	1
26.099999999999532	-1
26.099999999999532	1
26.119999999999532	-1
26.119999999999532	1
26.13999999999953	-1
26.13999999999953	1
26.15999999999953	-1
26.15999999999953	1
26.17999999999953	-1
26.17999999999953	1
26.19999999999953	-1
26.19999999999953	1
26.21999999999953	-1
26.21999999999953	1
26.23999999999953	-1
26.23999999999953	1
26.25999999999953	-1
26.25999999999953	1
26.27999999999953	-1
26.27999999999953	1
26.299999999999528	-1
26.299999999999528	1
26.319999999999528	-1
26.319999999999528	1
26.339999999999527	-1
26.339999999999527	1
26.359999999999527	-1
26.359999999999527	1
26.379999999999526	-1
26.379999999999526	1
26.399999999999526	-1
26.399999999999526	1
26.419999999999526	-1
26.419999999999526	1
26.439999999999525	-1
26.439999999999525	1
26.459999999999525	-1
26.459999999999525	1
26.479999999999524	-1
26.479999999999524	1
26.499999999999524	-1
26.499999999999524	1
26.519999999999524	-1
26.519999999999524	1
26.539999999999523	-1
26.539999999999523	1
26.559999999999523	-1
26.559999999999523	1
26.579999999999522	-1
26.579999999999522	1
26.599999999999522	-1
26.599999999999522	1
26.61999999999952	-1
26.61999999999952	1
26.63999999999952	-1
26.63999999999952	1
26.65999999999952	-1
26.65999999999952	1
26.67999999999952	-1
26.67999999999952	1
26.69999999999952	-1
26.69999999999952	1
26.71999999999952	-1
26.71999999999952	1
26.73999999999952	-1
26.73999999999952	1
26.75999999999952	-1
26.75999999999952	1
26.779999999999518	-1
26.779999999999518	1
26.799999999999518	-1
26.799999999999518	1
26.819999999999517	-1
26.819999999999517	1
26.839999999999517	-1
26.839999999999517	1
26.859999999999516	-1
26.859999999999516	1
26.879999999999516	-1
26.879999999999516	1
26.899999999999515	-1
26.899999999999515	1
26.919999999999515	-1
26.919999999999515	1
26.939999999999515	-1
26.939999999999515	1
26.959999999999514	-1
26.959999999999514	1
26.979999999999514	-1
26.979999999999514	1
26.999999999999513	-1
26.999999999999513	1
27.019999999999513	-1
27.019999999999513	1
27.039999999999512	-1
27.039999999999512	1
27.059999999999512	-1
27.059999999999512	1
27.07999999999951	-1
27.07999999999951	1
27.09999999999951	-1
27.09999999999951	1
27.11999999999951	-1
27.11999999999951	1
27.13999999999951	-1
27.13999999999951	1
27.15999999999951	-1
27.15999999999951	1
27.17999999999951	-1
27.17999999999951	1
27.19999999999951	-1
27.19999999999951	1
27.21999999999951	-1
27.21999999999951	1
27.239999999999508	-1
27.239999999999508	1
27.259999999999508	-1
27.259999999999508	1
27.279999999999507	-1
27.279999999999507	1
27.299999999999507	-1
27.299999999999507	1
27.319999999999506	-1
27.319999999999506	1
27.339999999999506	-1
27.339999999999506	1
27.359999999999506	-1
27.359999999999506	1
27.379999999999505	-1
27.379999999999505	1
27.399999999999505	-1
27.399999999999505	1
27.419999999999504	-1
27.419999999999504	1
27.439999999999504	-1
27.439999999999504	1
27.459999999999503	-1
27.459999999999503	1
27.479999999999503	-1
27.479999999999503	1
27.499999999999503	-1
27.499999999999503	1
27.519999999999502	-1
27.519999999999502	1
27.5399999999995	-1
27.5399999999995	1
27.5599999999995	-1
27.5599999999995	1
27.5799999999995	-1
27.5799999999995	1
27.5999999999995	-1
27.5999999999995	1
27.6199999999995	-1
27.6199999999995	1
27.6399999999995	-1
27.6399999999995	1
27.6599999999995	-1
27.6599999999995	1
27.6799999999995	-1
27.6799999999995	1
27.6999999999995	-1
27.6999999999995	1
27.719999999999498	-1
27.719999999999498	1
27.739999999999498	-1
27.739999999999498	1
27.759999999999497	-1
27.759999999999497	1
27.779999999999497	-1
27.779999999999497	1
27.799999999999496	-1
27.799999999999496	1
27.819999999999496	-1
27.819999999999496	1
27.839999999999495	-1
27.839999999999495	1
27.859999999999495	-1
27.859999999999495	1
27.879999999999495	-1
27.879999999999495	1
27.899999999999494	-1
27.899999999999494	1
27.919999999999494	-1
27.919999999999494	1
27.939999999999493	-1
27.939999999999493	1
27.959999999999493	-1
27.959999999999493	1
27.979999999999492	-1
27.979999999999492	1
27.999999999999492	-1
27.999999999999492	1
28.01999999999949	-1
28.01999999999949	1
28.03999999999949	-1
28.03999999999949	1
28.05999999999949	-1
28.05999999999949	1
28.07999999999949	-1
28.07999999999949	1
28.09999999999949	-1
28.09999999999949	1
28.11999999999949	-1
28.11999999999949	1
28.13999999999949	-1
28.13999999999949	1
28.15999999999949	-1
28.15999999999949	1
28.179999999999488	-1
28.179999999999488	1
28.199999999999488	-1
28.199999999999488	1
28.219999999999487	-1
28.219999999999487	1
28.239999999999487	-1
28.239999999999487	1
28.259999999999486	-1
28.259999999999486	1
28.279999999999486	-1
28.279999999999486	1
28.299999999999486	-1
28.299999999999486	1
28.319999999999485	-1
28.319999999999485	1
28.339999999999485	-1
28.339999999999485	1
28.359999999999484	-1
28.359999999999484	1
28.379999999999484	-1
28.379999999999484	1
28.399999999999483	-1
28.399999999999483	1
28.419999999999483	-1
28.419999999999483	1
28.439999999999483	-1
28.439999999999483	1
28.459999999999482	-1
28.459999999999482	1
28.47999999999948	-1
28.47999999999948	1
28.49999999999948	-1
28.49999999999948	1
28.51999999999948	-1
28.51999999999948	1
28.53999999999948	-1
28.53999999999948	1
28.55999999999948	-1
28.55999999999948	1
28.57999999999948	-1
28.57999999999948	1
28.59999999999948	-1
28.59999999999948	1
28.61999999999948	-1
28.61999999999948	1
28.63999999999948	-1
28.63999999999948	1
28.659999999999478	-1
28.659999999999478	1
28.679999999999477	-1
28.679999999999477	1
28.699999999999477	-1
28.699999999999477	1
28.719999999999477	-1
28.719999999999477	1
28.739999999999476	-1
28.739999999999476	1
28.759999999999476	-1
28.759999999999476	1
28.779999999999475	-1
28.779999999999475	1
28.799999999999475	-1
28.799999999999475	1
28.819999999999474	-1
28.819999999999474	1
28.839999999999474	-1
28.839999999999474	1
28.859999999999474	-1
28.859999999999474	1
28.879999999999473	-1
28.879999999999473	1
28.899999999999473	-1
28.899999999999473	1
28.919999999999472	-1
28.919999999999472	1
28.939999999999472	-1
28.939999999999472	1
28.95999999999947	-1
28.95999999999947	1
28.97999999999947	-1
28.97999999999947	1
28.99999999999947	-1
28.99999999999947	1
29.01999999999947	-1
29.01999999999947	1
29.03999999999947	-1
29.03999999999947	1
29.05999999999947	-1
29.05999999999947	1
29.07999999999947	-1
29.07999999999947	1
29.09999999999947	-1
29.09999999999947	1
29.119999999999468	-1
29.119999999999468	1
29.139999999999468	-1
29.139999999999468	1
29.159999999999467	-1
29.159999999999467	1
29.179999999999467	-1
29.179999999999467	1
29.199999999999466	-1
29.199999999999466	1
29.219999999999466	-1
29.219999999999466	1
29.239999999999466	-1
29.239999999999466	1
29.259999999999465	-1
29.259999999999465	1
29.279999999999465	-1
29.279999999999465	1
29.299999999999464	-1
29.299999999999464	1
29.319999999999464	-1
29.319999999999464	1
29.339999999999463	-1
29.339999999999463	1
29.359999999999463	-1
29.359999999999463	1
29.379999999999463	-1
29.379999999999463	1
29.399999999999462	-1
29.399999999999462	1
29.41999999999946	-1
29.41999999999946	1
29.43999999999946	-1
29.43999999999946	1
29.45999999999946	-1
29.45999999999946	1
29.47999999999946	-1
29.47999999999946	1
29.49999999999946	-1
29.49999999999946	1
29.51999999999946	-1
29.51999999999946	1
29.53999999999946	-1
29.53999999999946	1
29.55999999999946	-1
29.55999999999946	1
29.57999999999946	-1
29.57999999999946	1
29.599999999999458	-1
29.599999999999458	1
29.619999999999457	-1
29.619999999999457	1
29.639999999999457	-1
29.639999999999457	1
29.659999999999457	-1
29.659999999999457	1
29.679999999999456	-1
29.679999999999456	1
29.699999999999456	-1
29.699999999999456	1
29.719999999999455	-1
29.719999999999455	1
29.739999999999455	-1
29.739999999999455	1
29.759999999999454	-1
29.759999999999454	1
29.779999999999454	-1
29.779999999999454	1
29.799999999999454	-1
29.799999999999454	1
29.819999999999453	-1
29.819999999999453	1
29.839999999999453	-1
29.839999999999453	1
29.859999999999452	-1
29.859999999999452	1
29.879999999999452	-1
29.879999999999452	1
29.89999999999945	-1
29.89999999999945	1
29.91999999999945	-1
29.91999999999945	1
29.93999999999945	-1
29.93999999999945	1
29.95999999999945	-1
29.95999999999945	1
29.97999999999945	-1
29.97999999999945	1
29.99999999999945	-1
29.99999999999945	1
30.01999999999945	-1
